dataset_version,scenario_id,cat_key,label_0_100,C.PRO.1,v1,C.PRO.2,v2,C.PRO.3,v3,C.PRO.4,v4,C.PRO.5,v5
c-1.0,S0042-probiotics-0000,probiotics,92,2,0.6666666666666666,2,0.6666666666666666,1,1.0,1,0.3333333333333333,2,0.6666666666666666
c-1.0,S0042-probiotics-0001,probiotics,20,0,0.0,1,0.3333333333333333,1,1.0,2,0.6666666666666666,1,0.3333333333333333
c-1.0,S0042-probiotics-0002,probiotics,82,2,0.6666666666666666,2,0.6666666666666666,1,1.0,1,0.3333333333333333,1,0.3333333333333333
c-1.0,S0042-probiotics-0003,probiotics,38,0,0.0,1,0.3333333333333333,1,1.0,2,0.6666666666666666,1,0.3333333333333333
c-1.0,S0042-probiotics-0004,probiotics,52,0,0.0,2,0.6666666666666666,1,1.0,3,1.0,2,0.6666666666666666
c-1.0,S0042-probiotics-0005,probiotics,92,1,0.3333333333333333,2,0.6666666666666666,1,1.0,1,0.3333333333333333,3,1.0
c-1.0,S0042-probiotics-0006,probiotics,46,1,0.3333333333333333,2,0.6666666666666666,0,0.0,0,0.0,2,0.6666666666666666
c-1.0,S0042-probiotics-0007,probiotics,28,1,0.3333333333333333,1,0.3333333333333333,0,0.0,1,0.3333333333333333,1,0.3333333333333333
c-1.0,S0042-probiotics-0008,probiotics,67,3,1.0,2,0.6666666666666666,0,0.0,2,0.6666666666666666,2,0.6666666666666666
c-1.0,S0042-probiotics-0009,probiotics,78,2,0.6666666666666666,1,0.3333333333333333,1,1.0,1,0.3333333333333333,2,0.6666666666666666
c-1.0,S0042-probiotics-0010,probiotics,82,1,0.3333333333333333,2,0.6666666666666666,1,1.0,1,0.3333333333333333,2,0.6666666666666666
c-1.0,S0042-probiotics-0011,probiotics,11,1,0.3333333333333333,0,0.0,0,0.0,1,0.3333333333333333,0,0.0
c-1.0,S0042-probiotics-0012,probiotics,78,1,0.3333333333333333,2,0.6666666666666666,1,1.0,2,0.6666666666666666,2,0.6666666666666666
c-1.0,S0042-probiotics-0013,probiotics,82,2,0.6666666666666666,2,0.6666666666666666,1,1.0,0,0.0,1,0.3333333333333333
c-1.0,S0042-probiotics-0014,probiotics,19,1,0.3333333333333333,1,0.3333333333333333,0,0.0,1,0.3333333333333333,0,0.0
c-1.0,S0042-probiotics-0015,probiotics,34,0,0.0,3,1.0,0,0.0,1,0.3333333333333333,1,0.3333333333333333
c-1.0,S0042-probiotics-0016,probiotics,58,3,1.0,1,0.3333333333333333,0,0.0,2,0.6666666666666666,2,0.6666666666666666
c-1.0,S0042-probiotics-0017,probiotics,78,3,1.0,1,0.3333333333333333,1,1.0,2,0.6666666666666666,1,0.3333333333333333
c-1.0,S0042-probiotics-0018,probiotics,95,2,0.6666666666666666,2,0.6666666666666666,1,1.0,2,0.6666666666666666,2,0.6666666666666666
c-1.0,S0042-probiotics-0019,probiotics,90,2,0.6666666666666666,2,0.6666666666666666,1,1.0,2,0.6666666666666666,2,0.6666666666666666
c-1.0,S0042-probiotics-0020,probiotics,19,0,0.0,1,0.3333333333333333,1,1.0,2,0.6666666666666666,0,0.0
c-1.0,S0042-probiotics-0021,probiotics,83,2,0.6666666666666666,0,0.0,1,1.0,0,0.0,3,1.0
c-1.0,S0042-probiotics-0022,probiotics,74,2,0.6666666666666666,1,0.3333333333333333,1,1.0,2,0.6666666666666666,1,0.3333333333333333
c-1.0,S0042-probiotics-0023,probiotics,92,3,1.0,2,0.6666666666666666,1,1.0,2,0.6666666666666666,2,0.6666666666666666
c-1.0,S0042-probiotics-0024,probiotics,94,3,1.0,3,1.0,1,1.0,1,0.3333333333333333,3,1.0
c-1.0,S0042-probiotics-0025,probiotics,89,3,1.0,2,0.6666666666666666,1,1.0,0,0.0,2,0.6666666666666666
c-1.0,S0042-probiotics-0026,probiotics,90,3,1.0,1,0.3333333333333333,1,1.0,1,0.3333333333333333,2,0.6666666666666666
c-1.0,S0042-probiotics-0027,probiotics,96,3,1.0,3,1.0,1,1.0,2,0.6666666666666666,2,0.6666666666666666
c-1.0,S0042-probiotics-0028,probiotics,90,3,1.0,3,1.0,0,0.0,1,0.3333333333333333,2,0.6666666666666666
c-1.0,S0042-probiotics-0029,probiotics,89,3,1.0,3,1.0,0,0.0,0,0.0,2,0.6666666666666666
c-1.0,S0042-probiotics-0030,probiotics,89,2,0.6666666666666666,3,1.0,1,1.0,1,0.3333333333333333,1,0.3333333333333333
c-1.0,S0042-probiotics-0031,probiotics,36,1,0.3333333333333333,1,0.3333333333333333,0,0.0,1,0.3333333333333333,2,0.6666666666666666
c-1.0,S0042-probiotics-0032,probiotics,81,1,0.3333333333333333,3,1.0,1,1.0,2,0.6666666666666666,2,0.6666666666666666
c-1.0,S0042-probiotics-0033,probiotics,42,3,1.0,1,0.3333333333333333,0,0.0,2,0.6666666666666666,1,0.3333333333333333
c-1.0,S0042-probiotics-0034,probiotics,78,3,1.0,1,0.3333333333333333,0,0.0,1,0.3333333333333333,3,1.0
c-1.0,S0042-probiotics-0035,probiotics,34,2,0.6666666666666666,1,0.3333333333333333,0,0.0,2,0.6666666666666666,1,0.3333333333333333
c-1.0,S0042-probiotics-0036,probiotics,89,2,0.6666666666666666,3,1.0,1,1.0,0,0.0,2,0.6666666666666666
c-1.0,S0042-probiotics-0037,probiotics,19,1,0.3333333333333333,0,0.0,0,0.0,3,1.0,1,0.3333333333333333
c-1.0,S0042-probiotics-0038,probiotics,60,1,0.3333333333333333,2,0.6666666666666666,0,0.0,1,0.3333333333333333,3,1.0
c-1.0,S0042-probiotics-0039,probiotics,73,1,0.3333333333333333,3,1.0,0,0.0,1,0.3333333333333333,3,1.0
c-1.0,S0042-probiotics-0040,probiotics,94,3,1.0,3,1.0,1,1.0,1,0.3333333333333333,3,1.0
c-1.0,S0042-probiotics-0041,probiotics,55,2,0.6666666666666666,3,1.0,0,0.0,2,0.6666666666666666,1,0.3333333333333333
c-1.0,S0042-probiotics-0042,probiotics,22,1,0.3333333333333333,0,0.0,0,0.0,2,0.6666666666666666,3,1.0
c-1.0,S0042-probiotics-0043,probiotics,87,2,0.6666666666666666,3,1.0,1,1.0,1,0.3333333333333333,2,0.6666666666666666
c-1.0,S0042-probiotics-0044,probiotics,58,1,0.3333333333333333,3,1.0,0,0.0,2,0.6666666666666666,3,1.0
c-1.0,S0042-probiotics-0045,probiotics,31,2,0.6666666666666666,2,0.6666666666666666,0,0.0,3,1.0,1,0.3333333333333333
c-1.0,S0042-probiotics-0046,probiotics,54,2,0.6666666666666666,1,0.3333333333333333,1,1.0,2,0.6666666666666666,0,0.0
c-1.0,S0042-probiotics-0047,probiotics,9,0,0.0,0,0.0,0,0.0,2,0.6666666666666666,1,0.3333333333333333
c-1.0,S0042-probiotics-0048,probiotics,46,1,0.3333333333333333,1,0.3333333333333333,0,0.0,0,0.0,2,0.6666666666666666
c-1.0,S0042-probiotics-0049,probiotics,21,2,0.6666666666666666,1,0.3333333333333333,0,0.0,3,1.0,1,0.3333333333333333
c-1.0,S0042-probiotics-0050,probiotics,8,0,0.0,0,0.0,0,0.0,3,1.0,1,0.3333333333333333
c-1.0,S0042-probiotics-0051,probiotics,81,3,1.0,2,0.6666666666666666,0,0.0,0,0.0,2,0.6666666666666666
c-1.0,S0042-probiotics-0052,probiotics,100,2,0.6666666666666666,2,0.6666666666666666,1,1.0,0,0.0,2,0.6666666666666666
c-1.0,S0042-probiotics-0053,probiotics,58,1,0.3333333333333333,1,0.3333333333333333,1,1.0,2,0.6666666666666666,1,0.3333333333333333
c-1.0,S0042-probiotics-0054,probiotics,100,3,1.0,3,1.0,1,1.0,3,1.0,3,1.0
c-1.0,S0042-probiotics-0055,probiotics,27,1,0.3333333333333333,2,0.6666666666666666,0,0.0,2,0.6666666666666666,0,0.0
c-1.0,S0042-probiotics-0056,probiotics,31,0,0.0,1,0.3333333333333333,1,1.0,3,1.0,2,0.6666666666666666
c-1.0,S0042-probiotics-0057,probiotics,74,2,0.6666666666666666,1,0.3333333333333333,1,1.0,2,0.6666666666666666,1,0.3333333333333333
c-1.0,S0042-probiotics-0058,probiotics,16,1,0.3333333333333333,1,0.3333333333333333,0,0.0,1,0.3333333333333333,1,0.3333333333333333
c-1.0,S0042-probiotics-0059,probiotics,84,2,0.6666666666666666,1,0.3333333333333333,1,1.0,1,0.3333333333333333,2,0.6666666666666666
c-1.0,S0042-probiotics-0060,probiotics,10,1,0.3333333333333333,0,0.0,0,0.0,3,1.0,2,0.6666666666666666
c-1.0,S0042-probiotics-0061,probiotics,71,2,0.6666666666666666,1,0.3333333333333333,1,1.0,2,0.6666666666666666,1,0.3333333333333333
c-1.0,S0042-probiotics-0062,probiotics,20,0,0.0,0,0.0,1,1.0,3,1.0,2,0.6666666666666666
c-1.0,S0042-probiotics-0063,probiotics,44,1,0.3333333333333333,1,0.3333333333333333,1,1.0,3,1.0,1,0.3333333333333333
c-1.0,S0042-probiotics-0064,probiotics,75,0,0.0,3,1.0,1,1.0,2,0.6666666666666666,3,1.0
c-1.0,S0042-probiotics-0065,probiotics,95,3,1.0,2,0.6666666666666666,1,1.0,2,0.6666666666666666,2,0.6666666666666666
c-1.0,S0042-probiotics-0066,probiotics,20,0,0.0,2,0.6666666666666666,0,0.0,3,1.0,1,0.3333333333333333
c-1.0,S0042-probiotics-0067,probiotics,26,0,0.0,1,0.3333333333333333,1,1.0,2,0.6666666666666666,0,0.0
c-1.0,S0042-probiotics-0068,probiotics,30,1,0.3333333333333333,1,0.3333333333333333,0,0.0,1,0.3333333333333333,2,0.6666666666666666
c-1.0,S0042-probiotics-0069,probiotics,93,2,0.6666666666666666,2,0.6666666666666666,1,1.0,0,0.0,1,0.3333333333333333
c-1.0,S0042-probiotics-0070,probiotics,82,2,0.6666666666666666,2,0.6666666666666666,1,1.0,2,0.6666666666666666,2,0.6666666666666666
c-1.0,S0042-probiotics-0071,probiotics,90,3,1.0,2,0.6666666666666666,1,1.0,2,0.6666666666666666,1,0.3333333333333333
c-1.0,S0042-probiotics-0072,probiotics,81,3,1.0,0,0.0,1,1.0,0,0.0,1,0.3333333333333333
c-1.0,S0042-probiotics-0073,probiotics,17,1,0.3333333333333333,0,0.0,0,0.0,2,0.6666666666666666,1,0.3333333333333333
c-1.0,S0042-probiotics-0074,probiotics,55,2,0.6666666666666666,2,0.6666666666666666,0,0.0,1,0.3333333333333333,1,0.3333333333333333
c-1.0,S0042-probiotics-0075,probiotics,97,2,0.6666666666666666,2,0.6666666666666666,1,1.0,1,0.3333333333333333,3,1.0
c-1.0,S0042-probiotics-0076,probiotics,59,3,1.0,1,0.3333333333333333,0,0.0,1,0.3333333333333333,1,0.3333333333333333
c-1.0,S0042-probiotics-0077,probiotics,88,3,1.0,3,1.0,1,1.0,0,0.0,1,0.3333333333333333
c-1.0,S0042-probiotics-0078,probiotics,61,1,0.3333333333333333,1,0.3333333333333333,1,1.0,3,1.0,2,0.6666666666666666
c-1.0,S0042-probiotics-0079,probiotics,57,1,0.3333333333333333,1,0.3333333333333333,1,1.0,1,0.3333333333333333,1,0.3333333333333333
c-1.0,S0042-probiotics-0080,probiotics,96,3,1.0,1,0.3333333333333333,1,1.0,0,0.0,3,1.0
c-1.0,S0042-probiotics-0081,probiotics,99,3,1.0,2,0.6666666666666666,1,1.0,0,0.0,2,0.6666666666666666
c-1.0,S0042-probiotics-0082,probiotics,68,1,0.3333333333333333,2,0.6666666666666666,0,0.0,0,0.0,2,0.6666666666666666
c-1.0,S0042-probiotics-0083,probiotics,74,1,0.3333333333333333,2,0.6666666666666666,1,1.0,2,0.6666666666666666,2,0.6666666666666666
c-1.0,S0042-probiotics-0084,probiotics,95,3,1.0,1,0.3333333333333333,1,1.0,1,0.3333333333333333,3,1.0
c-1.0,S0042-probiotics-0085,probiotics,16,2,0.6666666666666666,2,0.6666666666666666,0,0.0,3,1.0,0,0.0
c-1.0,S0042-probiotics-0086,probiotics,83,3,1.0,3,1.0,0,0.0,0,0.0,2,0.6666666666666666
c-1.0,S0042-probiotics-0087,probiotics,23,2,0.6666666666666666,0,0.0,0,0.0,2,0.6666666666666666,1,0.3333333333333333
c-1.0,S0042-probiotics-0088,probiotics,25,0,0.0,1,0.3333333333333333,0,0.0,1,0.3333333333333333,1,0.3333333333333333
c-1.0,S0042-probiotics-0089,probiotics,82,1,0.3333333333333333,2,0.6666666666666666,1,1.0,1,0.3333333333333333,2,0.6666666666666666
c-1.0,S0042-probiotics-0090,probiotics,91,2,0.6666666666666666,2,0.6666666666666666,1,1.0,1,0.3333333333333333,3,1.0
c-1.0,S0042-probiotics-0091,probiotics,15,0,0.0,0,0.0,0,0.0,2,0.6666666666666666,0,0.0
c-1.0,S0042-probiotics-0092,probiotics,62,2,0.6666666666666666,1,0.3333333333333333,1,1.0,2,0.6666666666666666,0,0.0
c-1.0,S0042-probiotics-0093,probiotics,39,2,0.6666666666666666,1,0.3333333333333333,0,0.0,1,0.3333333333333333,2,0.6666666666666666
c-1.0,S0042-probiotics-0094,probiotics,9,0,0.0,1,0.3333333333333333,0,0.0,1,0.3333333333333333,0,0.0
c-1.0,S0042-probiotics-0095,probiotics,50,2,0.6666666666666666,2,0.6666666666666666,0,0.0,1,0.3333333333333333,1,0.3333333333333333
c-1.0,S0042-probiotics-0096,probiotics,12,1,0.3333333333333333,1,0.3333333333333333,0,0.0,3,1.0,1,0.3333333333333333
c-1.0,S0042-probiotics-0097,probiotics,16,1,0.3333333333333333,0,0.0,0,0.0,2,0.6666666666666666,0,0.0
c-1.0,S0042-probiotics-0098,probiotics,61,2,0.6666666666666666,3,1.0,0,0.0,2,0.6666666666666666,2,0.6666666666666666
c-1.0,S0042-probiotics-0099,probiotics,73,2,0.6666666666666666,2,0.6666666666666666,0,0.0,1,0.3333333333333333,3,1.0
c-1.0,S0042-probiotics-0100,probiotics,59,3,1.0,0,0.0,0,0.0,1,0.3333333333333333,3,1.0
c-1.0,S0042-probiotics-0101,probiotics,83,1,0.3333333333333333,2,0.6666666666666666,1,1.0,1,0.3333333333333333,2,0.6666666666666666
c-1.0,S0042-probiotics-0102,probiotics,10,2,0.6666666666666666,0,0.0,0,0.0,2,0.6666666666666666,0,0.0
c-1.0,S0042-probiotics-0103,probiotics,92,3,1.0,1,0.3333333333333333,1,1.0,1,0.3333333333333333,2,0.6666666666666666
c-1.0,S0042-probiotics-0104,probiotics,93,3,1.0,3,1.0,1,1.0,0,0.0,3,1.0
c-1.0,S0042-probiotics-0105,probiotics,6,0,0.0,0,0.0,0,0.0,3,1.0,0,0.0
c-1.0,S0042-probiotics-0106,probiotics,55,2,0.6666666666666666,2,0.6666666666666666,0,0.0,3,1.0,2,0.6666666666666666
c-1.0,S0042-probiotics-0107,probiotics,79,2,0.6666666666666666,2,0.6666666666666666,1,1.0,2,0.6666666666666666,1,0.3333333333333333
c-1.0,S0042-probiotics-0108,probiotics,77,1,0.3333333333333333,2,0.6666666666666666,1,1.0,1,0.3333333333333333,2,0.6666666666666666
c-1.0,S0042-probiotics-0109,probiotics,33,0,0.0,2,0.6666666666666666,0,0.0,1,0.3333333333333333,1,0.3333333333333333
c-1.0,S0042-probiotics-0110,probiotics,89,3,1.0,2,0.6666666666666666,1,1.0,2,0.6666666666666666,1,0.3333333333333333
c-1.0,S0042-probiotics-0111,probiotics,85,2,0.6666666666666666,2,0.6666666666666666,1,1.0,1,0.3333333333333333,2,0.6666666666666666
c-1.0,S0042-probiotics-0112,probiotics,81,2,0.6666666666666666,2,0.6666666666666666,1,1.0,1,0.3333333333333333,2,0.6666666666666666
c-1.0,S0042-probiotics-0113,probiotics,14,0,0.0,0,0.0,0,0.0,1,0.3333333333333333,1,0.3333333333333333
c-1.0,S0042-probiotics-0114,probiotics,27,0,0.0,1,0.3333333333333333,1,1.0,2,0.6666666666666666,1,0.3333333333333333
c-1.0,S0042-probiotics-0115,probiotics,7,0,0.0,1,0.3333333333333333,0,0.0,1,0.3333333333333333,0,0.0
c-1.0,S0042-probiotics-0116,probiotics,99,3,1.0,2,0.6666666666666666,1,1.0,1,0.3333333333333333,3,1.0
c-1.0,S0042-probiotics-0117,probiotics,14,1,0.3333333333333333,2,0.6666666666666666,0,0.0,3,1.0,0,0.0
c-1.0,S0042-probiotics-0118,probiotics,69,3,1.0,2,0.6666666666666666,0,0.0,1,0.3333333333333333,1,0.3333333333333333
c-1.0,S0042-probiotics-0119,probiotics,90,2,0.6666666666666666,2,0.6666666666666666,1,1.0,1,0.3333333333333333,2,0.6666666666666666
c-1.0,S0042-probiotics-0120,probiotics,19,1,0.3333333333333333,1,0.3333333333333333,0,0.0,3,1.0,0,0.0
c-1.0,S0042-probiotics-0121,probiotics,25,1,0.3333333333333333,0,0.0,0,0.0,1,0.3333333333333333,2,0.6666666666666666
c-1.0,S0042-probiotics-0122,probiotics,45,1,0.3333333333333333,1,0.3333333333333333,0,0.0,1,0.3333333333333333,2,0.6666666666666666
c-1.0,S0042-probiotics-0123,probiotics,68,3,1.0,2,0.6666666666666666,0,0.0,1,0.3333333333333333,1,0.3333333333333333
c-1.0,S0042-probiotics-0124,probiotics,90,3,1.0,2,0.6666666666666666,1,1.0,1,0.3333333333333333,1,0.3333333333333333
c-1.0,S0042-probiotics-0125,probiotics,76,2,0.6666666666666666,3,1.0,0,0.0,0,0.0,2,0.6666666666666666
c-1.0,S0042-probiotics-0126,probiotics,84,2,0.6666666666666666,1,0.3333333333333333,1,1.0,1,0.3333333333333333,3,1.0
c-1.0,S0042-probiotics-0127,probiotics,51,2,0.6666666666666666,1,0.3333333333333333,0,0.0,1,0.3333333333333333,2,0.6666666666666666
c-1.0,S0042-probiotics-0128,probiotics,11,0,0.0,0,0.0,0,0.0,3,1.0,0,0.0
c-1.0,S0042-probiotics-0129,probiotics,30,0,0.0,1,0.3333333333333333,1,1.0,2,0.6666666666666666,0,0.0
c-1.0,S0042-probiotics-0130,probiotics,73,2,0.6666666666666666,1,0.3333333333333333,1,1.0,1,0.3333333333333333,1,0.3333333333333333
c-1.0,S0042-probiotics-0131,probiotics,21,2,0.6666666666666666,1,0.3333333333333333,0,0.0,3,1.0,0,0.0
c-1.0,S0042-probiotics-0132,probiotics,16,1,0.3333333333333333,2,0.6666666666666666,0,0.0,3,1.0,0,0.0
c-1.0,S0042-probiotics-0133,probiotics,67,0,0.0,2,0.6666666666666666,1,1.0,0,0.0,2,0.6666666666666666
c-1.0,S0042-probiotics-0134,probiotics,87,3,1.0,2,0.6666666666666666,1,1.0,1,0.3333333333333333,2,0.6666666666666666
c-1.0,S0042-probiotics-0135,probiotics,47,2,0.6666666666666666,2,0.6666666666666666,0,0.0,2,0.6666666666666666,1,0.3333333333333333
c-1.0,S0042-probiotics-0136,probiotics,19,1,0.3333333333333333,1,0.3333333333333333,0,0.0,2,0.6666666666666666,1,0.3333333333333333
c-1.0,S0042-probiotics-0137,probiotics,3,0,0.0,0,0.0,0,0.0,2,0.6666666666666666,1,0.3333333333333333
c-1.0,S0042-probiotics-0138,probiotics,25,1,0.3333333333333333,1,0.3333333333333333,0,0.0,3,1.0,2,0.6666666666666666
c-1.0,S0042-probiotics-0139,probiotics,72,2,0.6666666666666666,2,0.6666666666666666,0,0.0,1,0.3333333333333333,2,0.6666666666666666
c-1.0,S0042-probiotics-0140,probiotics,5,0,0.0,0,0.0,0,0.0,2,0.6666666666666666,0,0.0
c-1.0,S0042-probiotics-0141,probiotics,79,1,0.3333333333333333,1,0.3333333333333333,1,1.0,1,0.3333333333333333,2,0.6666666666666666
c-1.0,S0042-probiotics-0142,probiotics,79,3,1.0,2,0.6666666666666666,0,0.0,1,0.3333333333333333,2,0.6666666666666666
c-1.0,S0042-probiotics-0143,probiotics,23,3,1.0,1,0.3333333333333333,0,0.0,3,1.0,0,0.0
c-1.0,S0042-probiotics-0144,probiotics,88,3,1.0,3,1.0,1,1.0,1,0.3333333333333333,1,0.3333333333333333
c-1.0,S0042-probiotics-0145,probiotics,29,2,0.6666666666666666,2,0.6666666666666666,0,0.0,3,1.0,1,0.3333333333333333
c-1.0,S0042-probiotics-0146,probiotics,83,1,0.3333333333333333,3,1.0,1,1.0,1,0.3333333333333333,2,0.6666666666666666
c-1.0,S0042-probiotics-0147,probiotics,33,1,0.3333333333333333,2,0.6666666666666666,0,0.0,1,0.3333333333333333,0,0.0
c-1.0,S0042-probiotics-0148,probiotics,90,3,1.0,3,1.0,0,0.0,1,0.3333333333333333,2,0.6666666666666666
c-1.0,S0042-probiotics-0149,probiotics,25,2,0.6666666666666666,1,0.3333333333333333,0,0.0,3,1.0,1,0.3333333333333333
c-1.0,S0042-probiotics-0150,probiotics,11,0,0.0,2,0.6666666666666666,0,0.0,2,0.6666666666666666,1,0.3333333333333333
c-1.0,S0042-probiotics-0151,probiotics,39,1,0.3333333333333333,2,0.6666666666666666,0,0.0,2,0.6666666666666666,2,0.6666666666666666
c-1.0,S0042-probiotics-0152,probiotics,83,3,1.0,1,0.3333333333333333,1,1.0,3,1.0,2,0.6666666666666666
c-1.0,S0042-probiotics-0153,probiotics,75,2,0.6666666666666666,2,0.6666666666666666,1,1.0,2,0.6666666666666666,2,0.6666666666666666
c-1.0,S0042-probiotics-0154,probiotics,36,1,0.3333333333333333,0,0.0,1,1.0,3,1.0,1,0.3333333333333333
c-1.0,S0042-probiotics-0155,probiotics,87,3,1.0,3,1.0,1,1.0,2,0.6666666666666666,0,0.0
c-1.0,S0042-probiotics-0156,probiotics,85,2,0.6666666666666666,2,0.6666666666666666,1,1.0,2,0.6666666666666666,3,1.0
c-1.0,S0042-probiotics-0157,probiotics,80,3,1.0,3,1.0,0,0.0,0,0.0,2,0.6666666666666666
c-1.0,S0042-probiotics-0158,probiotics,88,2,0.6666666666666666,2,0.6666666666666666,1,1.0,0,0.0,2,0.6666666666666666
c-1.0,S0042-probiotics-0159,probiotics,91,2,0.6666666666666666,2,0.6666666666666666,1,1.0,1,0.3333333333333333,2,0.6666666666666666
c-1.0,S0042-probiotics-0160,probiotics,94,2,0.6666666666666666,1,0.3333333333333333,1,1.0,1,0.3333333333333333,2,0.6666666666666666
c-1.0,S0042-probiotics-0161,probiotics,12,1,0.3333333333333333,0,0.0,0,0.0,2,0.6666666666666666,0,0.0
c-1.0,S0042-probiotics-0162,probiotics,28,1,0.3333333333333333,0,0.0,1,1.0,3,1.0,1,0.3333333333333333
c-1.0,S0042-probiotics-0163,probiotics,28,0,0.0,1,0.3333333333333333,1,1.0,3,1.0,1,0.3333333333333333
c-1.0,S0042-probiotics-0164,probiotics,64,1,0.3333333333333333,0,0.0,1,1.0,1,0.3333333333333333,2,0.6666666666666666
c-1.0,S0042-probiotics-0165,probiotics,61,1,0.3333333333333333,1,0.3333333333333333,1,1.0,3,1.0,3,1.0
c-1.0,S0042-probiotics-0166,probiotics,13,2,0.6666666666666666,0,0.0,0,0.0,3,1.0,1,0.3333333333333333
c-1.0,S0042-probiotics-0167,probiotics,48,1,0.3333333333333333,3,1.0,0,0.0,2,0.6666666666666666,1,0.3333333333333333
c-1.0,S0042-probiotics-0168,probiotics,93,1,0.3333333333333333,2,0.6666666666666666,1,1.0,1,0.3333333333333333,2,0.6666666666666666
c-1.0,S0042-probiotics-0169,probiotics,100,2,0.6666666666666666,3,1.0,1,1.0,2,0.6666666666666666,3,1.0
c-1.0,S0042-probiotics-0170,probiotics,87,2,0.6666666666666666,1,0.3333333333333333,1,1.0,1,0.3333333333333333,2,0.6666666666666666
c-1.0,S0042-probiotics-0171,probiotics,93,3,1.0,2,0.6666666666666666,1,1.0,0,0.0,2,0.6666666666666666
c-1.0,S0042-probiotics-0172,probiotics,60,2,0.6666666666666666,1,0.3333333333333333,1,1.0,3,1.0,1,0.3333333333333333
c-1.0,S0042-probiotics-0173,probiotics,93,2,0.6666666666666666,1,0.3333333333333333,1,1.0,1,0.3333333333333333,3,1.0
c-1.0,S0042-probiotics-0174,probiotics,35,0,0.0,2,0.6666666666666666,1,1.0,2,0.6666666666666666,1,0.3333333333333333
c-1.0,S0042-probiotics-0175,probiotics,43,2,0.6666666666666666,2,0.6666666666666666,0,0.0,1,0.3333333333333333,1,0.3333333333333333
c-1.0,S0042-probiotics-0176,probiotics,43,1,0.3333333333333333,3,1.0,0,0.0,3,1.0,1,0.3333333333333333
c-1.0,S0042-probiotics-0177,probiotics,73,1,0.3333333333333333,2,0.6666666666666666,1,1.0,2,0.6666666666666666,2,0.6666666666666666
c-1.0,S0042-probiotics-0178,probiotics,78,2,0.6666666666666666,2,0.6666666666666666,1,1.0,2,0.6666666666666666,1,0.3333333333333333
c-1.0,S0042-probiotics-0179,probiotics,78,3,1.0,3,1.0,0,0.0,1,0.3333333333333333,3,1.0
c-1.0,S0042-probiotics-0180,probiotics,29,1,0.3333333333333333,1,0.3333333333333333,0,0.0,2,0.6666666666666666,1,0.3333333333333333
c-1.0,S0042-probiotics-0181,probiotics,87,3,1.0,3,1.0,0,0.0,1,0.3333333333333333,3,1.0
c-1.0,S0042-probiotics-0182,probiotics,26,1,0.3333333333333333,0,0.0,1,1.0,3,1.0,0,0.0
c-1.0,S0042-probiotics-0183,probiotics,72,2,0.6666666666666666,2,0.6666666666666666,0,0.0,0,0.0,2,0.6666666666666666
c-1.0,S0042-probiotics-0184,probiotics,88,2,0.6666666666666666,2,0.6666666666666666,1,1.0,2,0.6666666666666666,2,0.6666666666666666
c-1.0,S0042-probiotics-0185,probiotics,43,0,0.0,2,0.6666666666666666,1,1.0,3,1.0,1,0.3333333333333333
c-1.0,S0042-probiotics-0186,probiotics,47,3,1.0,1,0.3333333333333333,0,0.0,2,0.6666666666666666,1,0.3333333333333333
c-1.0,S0042-probiotics-0187,probiotics,65,3,1.0,2,0.6666666666666666,0,0.0,1,0.3333333333333333,1,0.3333333333333333
c-1.0,S0042-probiotics-0188,probiotics,21,2,0.6666666666666666,0,0.0,0,0.0,3,1.0,1,0.3333333333333333
c-1.0,S0042-probiotics-0189,probiotics,60,1,0.3333333333333333,2,0.6666666666666666,0,0.0,0,0.0,2,0.6666666666666666
c-1.0,S0042-probiotics-0190,probiotics,100,3,1.0,2,0.6666666666666666,1,1.0,1,0.3333333333333333,2,0.6666666666666666
c-1.0,S0042-probiotics-0191,probiotics,100,3,1.0,3,1.0,1,1.0,1,0.3333333333333333,3,1.0
c-1.0,S0042-probiotics-0192,probiotics,73,1,0.3333333333333333,3,1.0,1,1.0,2,0.6666666666666666,1,0.3333333333333333
c-1.0,S0042-probiotics-0193,probiotics,30,0,0.0,1,0.3333333333333333,1,1.0,1,0.3333333333333333,0,0.0
c-1.0,S0042-probiotics-0194,probiotics,78,2,0.6666666666666666,2,0.6666666666666666,0,0.0,0,0.0,2,0.6666666666666666
c-1.0,S0042-probiotics-0195,probiotics,36,0,0.0,2,0.6666666666666666,0,0.0,1,0.3333333333333333,2,0.6666666666666666
c-1.0,S0042-probiotics-0196,probiotics,95,2,0.6666666666666666,3,1.0,1,1.0,3,1.0,3,1.0
c-1.0,S0042-probiotics-0197,probiotics,39,1,0.3333333333333333,1,0.3333333333333333,1,1.0,2,0.6666666666666666,0,0.0
c-1.0,S0042-probiotics-0198,probiotics,97,2,0.6666666666666666,3,1.0,1,1.0,0,0.0,2,0.6666666666666666
c-1.0,S0042-probiotics-0199,probiotics,17,1,0.3333333333333333,1,0.3333333333333333,0,0.0,3,1.0,0,0.0
c-1.0,S0042-probiotics-0200,probiotics,38,1,0.3333333333333333,1,0.3333333333333333,0,0.0,0,0.0,1,0.3333333333333333
c-1.0,S0042-probiotics-0201,probiotics,28,2,0.6666666666666666,0,0.0,0,0.0,1,0.3333333333333333,1,0.3333333333333333
c-1.0,S0042-probiotics-0202,probiotics,54,1,0.3333333333333333,2,0.6666666666666666,1,1.0,2,0.6666666666666666,0,0.0
c-1.0,S0042-probiotics-0203,probiotics,45,1,0.3333333333333333,0,0.0,1,1.0,2,0.6666666666666666,2,0.6666666666666666
c-1.0,S0042-probiotics-0204,probiotics,93,0,0.0,3,1.0,1,1.0,0,0.0,2,0.6666666666666666
c-1.0,S0042-probiotics-0205,probiotics,83,2,0.6666666666666666,2,0.6666666666666666,1,1.0,1,0.3333333333333333,1,0.3333333333333333
c-1.0,S0042-probiotics-0206,probiotics,0,0,0.0,0,0.0,0,0.0,2,0.6666666666666666,0,0.0
c-1.0,S0042-probiotics-0207,probiotics,89,1,0.3333333333333333,3,1.0,1,1.0,1,0.3333333333333333,3,1.0
c-1.0,S0042-probiotics-0208,probiotics,79,1,0.3333333333333333,2,0.6666666666666666,1,1.0,1,0.3333333333333333,2,0.6666666666666666
c-1.0,S0042-probiotics-0209,probiotics,51,1,0.3333333333333333,2,0.6666666666666666,0,0.0,2,0.6666666666666666,2,0.6666666666666666
c-1.0,S0042-probiotics-0210,probiotics,73,1,0.3333333333333333,1,0.3333333333333333,1,1.0,1,0.3333333333333333,2,0.6666666666666666
c-1.0,S0042-probiotics-0211,probiotics,90,3,1.0,1,0.3333333333333333,1,1.0,1,0.3333333333333333,2,0.6666666666666666
c-1.0,S0042-probiotics-0212,probiotics,47,1,0.3333333333333333,1,0.3333333333333333,1,1.0,1,0.3333333333333333,0,0.0
c-1.0,S0042-probiotics-0213,probiotics,44,2,0.6666666666666666,2,0.6666666666666666,0,0.0,3,1.0,2,0.6666666666666666
c-1.0,S0042-probiotics-0214,probiotics,16,0,0.0,1,0.3333333333333333,0,0.0,2,0.6666666666666666,1,0.3333333333333333
c-1.0,S0042-probiotics-0215,probiotics,90,2,0.6666666666666666,3,1.0,1,1.0,1,0.3333333333333333,0,0.0
c-1.0,S0042-probiotics-0216,probiotics,56,2,0.6666666666666666,0,0.0,1,1.0,3,1.0,2,0.6666666666666666
c-1.0,S0042-probiotics-0217,probiotics,100,3,1.0,3,1.0,1,1.0,1,0.3333333333333333,1,0.3333333333333333
c-1.0,S0042-probiotics-0218,probiotics,96,3,1.0,3,1.0,1,1.0,0,0.0,2,0.6666666666666666
c-1.0,S0042-probiotics-0219,probiotics,97,3,1.0,2,0.6666666666666666,1,1.0,0,0.0,2,0.6666666666666666
c-1.0,S0042-probiotics-0220,probiotics,21,1,0.3333333333333333,2,0.6666666666666666,0,0.0,3,1.0,1,0.3333333333333333
c-1.0,S0042-probiotics-0221,probiotics,7,0,0.0,1,0.3333333333333333,0,0.0,3,1.0,0,0.0
c-1.0,S0042-probiotics-0222,probiotics,76,2,0.6666666666666666,2,0.6666666666666666,1,1.0,2,0.6666666666666666,1,0.3333333333333333
c-1.0,S0042-probiotics-0223,probiotics,14,1,0.3333333333333333,1,0.3333333333333333,0,0.0,3,1.0,1,0.3333333333333333
c-1.0,S0042-probiotics-0224,probiotics,100,3,1.0,3,1.0,1,1.0,1,0.3333333333333333,3,1.0
c-1.0,S0042-probiotics-0225,probiotics,58,2,0.6666666666666666,2,0.6666666666666666,0,0.0,1,0.3333333333333333,2,0.6666666666666666
c-1.0,S0042-probiotics-0226,probiotics,34,0,0.0,1,0.3333333333333333,0,0.0,1,0.3333333333333333,3,1.0
c-1.0,S0042-probiotics-0227,probiotics,62,2,0.6666666666666666,0,0.0,1,1.0,1,0.3333333333333333,1,0.3333333333333333
c-1.0,S0042-probiotics-0228,probiotics,50,2,0.6666666666666666,2,0.6666666666666666,0,0.0,1,0.3333333333333333,1,0.3333333333333333
c-1.0,S0042-probiotics-0229,probiotics,67,2,0.6666666666666666,0,0.0,1,1.0,2,0.6666666666666666,2,0.6666666666666666
c-1.0,S0042-probiotics-0230,probiotics,89,2,0.6666666666666666,2,0.6666666666666666,1,1.0,1,0.3333333333333333,1,0.3333333333333333
c-1.0,S0042-probiotics-0231,probiotics,37,2,0.6666666666666666,2,0.6666666666666666,0,0.0,2,0.6666666666666666,1,0.3333333333333333
c-1.0,S0042-probiotics-0232,probiotics,92,3,1.0,1,0.3333333333333333,1,1.0,1,0.3333333333333333,2,0.6666666666666666
c-1.0,S0042-probiotics-0233,probiotics,22,1,0.3333333333333333,0,0.0,0,0.0,2,0.6666666666666666,1,0.3333333333333333
c-1.0,S0042-probiotics-0234,probiotics,87,3,1.0,3,1.0,1,1.0,1,0.3333333333333333,1,0.3333333333333333
c-1.0,S0042-probiotics-0235,probiotics,12,0,0.0,0,0.0,0,0.0,2,0.6666666666666666,2,0.6666666666666666
c-1.0,S0042-probiotics-0236,probiotics,92,2,0.6666666666666666,2,0.6666666666666666,1,1.0,2,0.6666666666666666,2,0.6666666666666666
c-1.0,S0042-probiotics-0237,probiotics,88,1,0.3333333333333333,3,1.0,1,1.0,1,0.3333333333333333,2,0.6666666666666666
c-1.0,S0042-probiotics-0238,probiotics,51,2,0.6666666666666666,1,0.3333333333333333,0,0.0,0,0.0,2,0.6666666666666666
c-1.0,S0042-probiotics-0239,probiotics,61,3,1.0,1,0.3333333333333333,0,0.0,1,0.3333333333333333,2,0.6666666666666666
c-1.0,S0042-probiotics-0240,probiotics,88,3,1.0,2,0.6666666666666666,1,1.0,0,0.0,2,0.6666666666666666
c-1.0,S0042-probiotics-0241,probiotics,93,3,1.0,3,1.0,0,0.0,1,0.3333333333333333,2,0.6666666666666666
c-1.0,S0042-probiotics-0242,probiotics,48,3,1.0,1,0.3333333333333333,0,0.0,2,0.6666666666666666,1,0.3333333333333333
c-1.0,S0042-probiotics-0243,probiotics,68,1,0.3333333333333333,1,0.3333333333333333,1,1.0,0,0.0,1,0.3333333333333333
c-1.0,S0042-probiotics-0244,probiotics,38,0,0.0,2,0.6666666666666666,1,1.0,3,1.0,1,0.3333333333333333
c-1.0,S0042-probiotics-0245,probiotics,11,0,0.0,1,0.3333333333333333,0,0.0,2,0.6666666666666666,0,0.0
c-1.0,S0042-probiotics-0246,probiotics,66,2,0.6666666666666666,0,0.0,1,1.0,2,0.6666666666666666,2,0.6666666666666666
c-1.0,S0042-probiotics-0247,probiotics,68,2,0.6666666666666666,2,0.6666666666666666,0,0.0,0,0.0,1,0.3333333333333333
c-1.0,S0042-probiotics-0248,probiotics,72,2,0.6666666666666666,1,0.3333333333333333,1,1.0,2,0.6666666666666666,2,0.6666666666666666
c-1.0,S0042-probiotics-0249,probiotics,13,0,0.0,1,0.3333333333333333,0,0.0,2,0.6666666666666666,1,0.3333333333333333
c-1.0,S0042-probiotics-0250,probiotics,76,1,0.3333333333333333,2,0.6666666666666666,1,1.0,1,0.3333333333333333,1,0.3333333333333333
c-1.0,S0042-probiotics-0251,probiotics,16,1,0.3333333333333333,0,0.0,0,0.0,3,1.0,1,0.3333333333333333
c-1.0,S0042-probiotics-0252,probiotics,41,2,0.6666666666666666,1,0.3333333333333333,0,0.0,1,0.3333333333333333,1,0.3333333333333333
c-1.0,S0042-probiotics-0253,probiotics,55,3,1.0,2,0.6666666666666666,0,0.0,3,1.0,1,0.3333333333333333
c-1.0,S0042-probiotics-0254,probiotics,42,3,1.0,1,0.3333333333333333,0,0.0,2,0.6666666666666666,1,0.3333333333333333
c-1.0,S0042-probiotics-0255,probiotics,98,2,0.6666666666666666,2,0.6666666666666666,1,1.0,0,0.0,3,1.0
c-1.0,S0042-probiotics-0256,probiotics,11,0,0.0,0,0.0,0,0.0,2,0.6666666666666666,0,0.0
c-1.0,S0042-probiotics-0257,probiotics,70,2,0.6666666666666666,2,0.6666666666666666,0,0.0,1,0.3333333333333333,2,0.6666666666666666
c-1.0,S0042-probiotics-0258,probiotics,9,0,0.0,0,0.0,0,0.0,3,1.0,1,0.3333333333333333
c-1.0,S0042-probiotics-0259,probiotics,42,0,0.0,1,0.3333333333333333,1,1.0,3,1.0,2,0.6666666666666666
c-1.0,S0042-probiotics-0260,probiotics,84,3,1.0,2,0.6666666666666666,0,0.0,0,0.0,2,0.6666666666666666
c-1.0,S0042-probiotics-0261,probiotics,38,1,0.3333333333333333,1,0.3333333333333333,1,1.0,3,1.0,1,0.3333333333333333
c-1.0,S0042-probiotics-0262,probiotics,9,1,0.3333333333333333,0,0.0,0,0.0,2,0.6666666666666666,0,0.0
c-1.0,S0042-probiotics-0263,probiotics,36,0,0.0,0,0.0,1,1.0,1,0.3333333333333333,1,0.3333333333333333
c-1.0,S0042-probiotics-0264,probiotics,43,1,0.3333333333333333,3,1.0,0,0.0,2,0.6666666666666666,1,0.3333333333333333
c-1.0,S0042-probiotics-0265,probiotics,52,2,0.6666666666666666,2,0.6666666666666666,0,0.0,2,0.6666666666666666,2,0.6666666666666666
c-1.0,S0042-probiotics-0266,probiotics,66,1,0.3333333333333333,1,0.3333333333333333,1,1.0,1,0.3333333333333333,1,0.3333333333333333
c-1.0,S0042-probiotics-0267,probiotics,61,3,1.0,2,0.6666666666666666,0,0.0,0,0.0,1,0.3333333333333333
c-1.0,S0042-probiotics-0268,probiotics,99,3,1.0,2,0.6666666666666666,1,1.0,2,0.6666666666666666,3,1.0
c-1.0,S0042-probiotics-0269,probiotics,19,0,0.0,1,0.3333333333333333,0,0.0,2,0.6666666666666666,1,0.3333333333333333
c-1.0,S0042-probiotics-0270,probiotics,28,1,0.3333333333333333,1,0.3333333333333333,0,0.0,1,0.3333333333333333,1,0.3333333333333333
c-1.0,S0042-probiotics-0271,probiotics,85,3,1.0,2,0.6666666666666666,0,0.0,1,0.3333333333333333,3,1.0
c-1.0,S0042-probiotics-0272,probiotics,67,2,0.6666666666666666,2,0.6666666666666666,0,0.0,1,0.3333333333333333,3,1.0
c-1.0,S0042-probiotics-0273,probiotics,52,1,0.3333333333333333,1,0.3333333333333333,1,1.0,2,0.6666666666666666,1,0.3333333333333333
c-1.0,S0042-probiotics-0274,probiotics,97,3,1.0,2,0.6666666666666666,1,1.0,0,0.0,3,1.0
c-1.0,S0042-probiotics-0275,probiotics,20,2,0.6666666666666666,1,0.3333333333333333,0,0.0,3,1.0,1,0.3333333333333333
c-1.0,S0042-probiotics-0276,probiotics,0,0,0.0,0,0.0,0,0.0,3,1.0,0,0.0
c-1.0,S0042-probiotics-0277,probiotics,32,2,0.6666666666666666,2,0.6666666666666666,0,0.0,2,0.6666666666666666,0,0.0
c-1.0,S0042-probiotics-0278,probiotics,46,2,0.6666666666666666,3,1.0,0,0.0,1,0.3333333333333333,0,0.0
c-1.0,S0042-probiotics-0279,probiotics,29,1,0.3333333333333333,1,0.3333333333333333,0,0.0,1,0.3333333333333333,1,0.3333333333333333
c-1.0,S0042-probiotics-0280,probiotics,44,2,0.6666666666666666,3,1.0,0,0.0,2,0.6666666666666666,0,0.0
c-1.0,S0042-probiotics-0281,probiotics,33,1,0.3333333333333333,1,0.3333333333333333,0,0.0,1,0.3333333333333333,1,0.3333333333333333
c-1.0,S0042-probiotics-0282,probiotics,28,1,0.3333333333333333,2,0.6666666666666666,0,0.0,3,1.0,1,0.3333333333333333
c-1.0,S0042-probiotics-0283,probiotics,51,0,0.0,1,0.3333333333333333,1,1.0,1,0.3333333333333333,2,0.6666666666666666
c-1.0,S0042-probiotics-0284,probiotics,43,1,0.3333333333333333,0,0.0,1,1.0,2,0.6666666666666666,2,0.6666666666666666
c-1.0,S0042-probiotics-0285,probiotics,18,0,0.0,0,0.0,1,1.0,2,0.6666666666666666,1,0.3333333333333333
c-1.0,S0042-probiotics-0286,probiotics,91,2,0.6666666666666666,1,0.3333333333333333,1,1.0,0,0.0,2,0.6666666666666666
c-1.0,S0042-probiotics-0287,probiotics,16,0,0.0,1,0.3333333333333333,0,0.0,2,0.6666666666666666,2,0.6666666666666666
c-1.0,S0042-probiotics-0288,probiotics,33,1,0.3333333333333333,1,0.3333333333333333,0,0.0,2,0.6666666666666666,2,0.6666666666666666
c-1.0,S0042-probiotics-0289,probiotics,21,1,0.3333333333333333,1,0.3333333333333333,0,0.0,1,0.3333333333333333,0,0.0
c-1.0,S0042-probiotics-0290,probiotics,87,2,0.6666666666666666,2,0.6666666666666666,1,1.0,1,0.3333333333333333,1,0.3333333333333333
c-1.0,S0042-probiotics-0291,probiotics,17,0,0.0,1,0.3333333333333333,0,0.0,2,0.6666666666666666,0,0.0
c-1.0,S0042-probiotics-0292,probiotics,12,0,0.0,1,0.3333333333333333,0,0.0,2,0.6666666666666666,0,0.0
c-1.0,S0042-probiotics-0293,probiotics,93,3,1.0,2,0.6666666666666666,1,1.0,0,0.0,2,0.6666666666666666
c-1.0,S0042-probiotics-0294,probiotics,60,1,0.3333333333333333,1,0.3333333333333333,1,1.0,2,0.6666666666666666,2,0.6666666666666666
c-1.0,S0042-probiotics-0295,probiotics,91,2,0.6666666666666666,1,0.3333333333333333,1,1.0,1,0.3333333333333333,3,1.0
c-1.0,S0042-probiotics-0296,probiotics,79,2,0.6666666666666666,1,0.3333333333333333,1,1.0,1,0.3333333333333333,1,0.3333333333333333
c-1.0,S0042-probiotics-0297,probiotics,41,1,0.3333333333333333,2,0.6666666666666666,0,0.0,0,0.0,0,0.0
c-1.0,S0042-probiotics-0298,probiotics,92,3,1.0,2,0.6666666666666666,1,1.0,1,0.3333333333333333,3,1.0
c-1.0,S0042-probiotics-0299,probiotics,89,2,0.6666666666666666,2,0.6666666666666666,1,1.0,0,0.0,2,0.6666666666666666
c-1.0,S0042-probiotics-0300,probiotics,100,2,0.6666666666666666,3,1.0,1,1.0,1,0.3333333333333333,2,0.6666666666666666
c-1.0,S0042-probiotics-0301,probiotics,72,1,0.3333333333333333,2,0.6666666666666666,1,1.0,3,1.0,2,0.6666666666666666
c-1.0,S0042-probiotics-0302,probiotics,14,1,0.3333333333333333,1,0.3333333333333333,0,0.0,3,1.0,1,0.3333333333333333
c-1.0,S0042-probiotics-0303,probiotics,23,1,0.3333333333333333,0,0.0,0,0.0,1,0.3333333333333333,1,0.3333333333333333
c-1.0,S0042-probiotics-0304,probiotics,42,0,0.0,0,0.0,1,1.0,0,0.0,2,0.6666666666666666
c-1.0,S0042-probiotics-0305,probiotics,15,0,0.0,2,0.6666666666666666,0,0.0,1,0.3333333333333333,0,0.0
c-1.0,S0042-probiotics-0306,probiotics,100,3,1.0,2,0.6666666666666666,1,1.0,1,0.3333333333333333,2,0.6666666666666666
c-1.0,S0042-probiotics-0307,probiotics,29,0,0.0,2,0.6666666666666666,0,0.0,2,0.6666666666666666,2,0.6666666666666666
c-1.0,S0042-probiotics-0308,probiotics,64,2,0.6666666666666666,2,0.6666666666666666,0,0.0,0,0.0,1,0.3333333333333333
c-1.0,S0042-probiotics-0309,probiotics,48,2,0.6666666666666666,2,0.6666666666666666,0,0.0,1,0.3333333333333333,1,0.3333333333333333
c-1.0,S0042-probiotics-0310,probiotics,60,1,0.3333333333333333,2,0.6666666666666666,1,1.0,2,0.6666666666666666,0,0.0
c-1.0,S0042-probiotics-0311,probiotics,74,2,0.6666666666666666,2,0.6666666666666666,1,1.0,2,0.6666666666666666,2,0.6666666666666666
c-1.0,S0042-probiotics-0312,probiotics,32,1,0.3333333333333333,1,0.3333333333333333,0,0.0,2,0.6666666666666666,3,1.0
c-1.0,S0042-probiotics-0313,probiotics,73,2,0.6666666666666666,2,0.6666666666666666,0,0.0,1,0.3333333333333333,3,1.0
c-1.0,S0042-probiotics-0314,probiotics,48,2,0.6666666666666666,2,0.6666666666666666,0,0.0,1,0.3333333333333333,1,0.3333333333333333
c-1.0,S0042-probiotics-0315,probiotics,68,2,0.6666666666666666,2,0.6666666666666666,0,0.0,2,0.6666666666666666,3,1.0
c-1.0,S0042-probiotics-0316,probiotics,21,1,0.3333333333333333,2,0.6666666666666666,0,0.0,3,1.0,1,0.3333333333333333
c-1.0,S0042-probiotics-0317,probiotics,95,2,0.6666666666666666,2,0.6666666666666666,1,1.0,1,0.3333333333333333,2,0.6666666666666666
c-1.0,S0042-probiotics-0318,probiotics,82,2,0.6666666666666666,2,0.6666666666666666,1,1.0,2,0.6666666666666666,1,0.3333333333333333
c-1.0,S0042-probiotics-0319,probiotics,16,2,0.6666666666666666,0,0.0,0,0.0,3,1.0,0,0.0
c-1.0,S0042-probiotics-0320,probiotics,93,3,1.0,1,0.3333333333333333,1,1.0,1,0.3333333333333333,2,0.6666666666666666
c-1.0,S0042-probiotics-0321,probiotics,27,2,0.6666666666666666,0,0.0,0,0.0,2,0.6666666666666666,2,0.6666666666666666
c-1.0,S0042-probiotics-0322,probiotics,13,1,0.3333333333333333,2,0.6666666666666666,0,0.0,2,0.6666666666666666,0,0.0
c-1.0,S0042-probiotics-0323,probiotics,49,1,0.3333333333333333,1,0.3333333333333333,1,1.0,1,0.3333333333333333,0,0.0
c-1.0,S0042-probiotics-0324,probiotics,44,2,0.6666666666666666,1,0.3333333333333333,0,0.0,2,0.6666666666666666,2,0.6666666666666666
c-1.0,S0042-probiotics-0325,probiotics,60,1,0.3333333333333333,1,0.3333333333333333,1,1.0,2,0.6666666666666666,1,0.3333333333333333
c-1.0,S0042-probiotics-0326,probiotics,96,3,1.0,1,0.3333333333333333,1,1.0,1,0.3333333333333333,1,0.3333333333333333
c-1.0,S0042-probiotics-0327,probiotics,43,1,0.3333333333333333,2,0.6666666666666666,0,0.0,2,0.6666666666666666,2,0.6666666666666666
c-1.0,S0042-probiotics-0328,probiotics,67,0,0.0,2,0.6666666666666666,1,1.0,1,0.3333333333333333,2,0.6666666666666666
c-1.0,S0042-probiotics-0329,probiotics,76,1,0.3333333333333333,3,1.0,0,0.0,2,0.6666666666666666,3,1.0
c-1.0,S0042-probiotics-0330,probiotics,93,3,1.0,3,1.0,0,0.0,0,0.0,3,1.0
c-1.0,S0042-probiotics-0331,probiotics,100,3,1.0,3,1.0,1,1.0,0,0.0,3,1.0
c-1.0,S0042-probiotics-0332,probiotics,18,0,0.0,0,0.0,1,1.0,0,0.0,0,0.0
c-1.0,S0042-probiotics-0333,probiotics,30,2,0.6666666666666666,0,0.0,0,0.0,1,0.3333333333333333,1,0.3333333333333333
c-1.0,S0042-probiotics-0334,probiotics,1,1,0.3333333333333333,0,0.0,0,0.0,3,1.0,1,0.3333333333333333
c-1.0,S0042-probiotics-0335,probiotics,16,1,0.3333333333333333,1,0.3333333333333333,0,0.0,2,0.6666666666666666,0,0.0
c-1.0,S0042-probiotics-0336,probiotics,27,1,0.3333333333333333,1,0.3333333333333333,0,0.0,2,0.6666666666666666,1,0.3333333333333333
c-1.0,S0042-probiotics-0337,probiotics,13,1,0.3333333333333333,1,0.3333333333333333,0,0.0,3,1.0,0,0.0
c-1.0,S0042-probiotics-0338,probiotics,52,1,0.3333333333333333,2,0.6666666666666666,0,0.0,2,0.6666666666666666,3,1.0
c-1.0,S0042-probiotics-0339,probiotics,69,1,0.3333333333333333,2,0.6666666666666666,1,1.0,1,0.3333333333333333,1,0.3333333333333333
c-1.0,S0042-probiotics-0340,probiotics,36,2,0.6666666666666666,1,0.3333333333333333,0,0.0,3,1.0,2,0.6666666666666666
c-1.0,S0042-probiotics-0341,probiotics,83,1,0.3333333333333333,2,0.6666666666666666,1,1.0,1,0.3333333333333333,3,1.0
c-1.0,S0042-probiotics-0342,probiotics,25,1,0.3333333333333333,1,0.3333333333333333,0,0.0,2,0.6666666666666666,1,0.3333333333333333
c-1.0,S0042-probiotics-0343,probiotics,56,2,0.6666666666666666,2,0.6666666666666666,0,0.0,2,0.6666666666666666,2,0.6666666666666666
c-1.0,S0042-probiotics-0344,probiotics,55,1,0.3333333333333333,1,0.3333333333333333,1,1.0,1,0.3333333333333333,1,0.3333333333333333
c-1.0,S0042-probiotics-0345,probiotics,61,1,0.3333333333333333,1,0.3333333333333333,1,1.0,2,0.6666666666666666,1,0.3333333333333333
c-1.0,S0042-probiotics-0346,probiotics,89,2,0.6666666666666666,2,0.6666666666666666,1,1.0,1,0.3333333333333333,2,0.6666666666666666
c-1.0,S0042-probiotics-0347,probiotics,68,0,0.0,3,1.0,1,1.0,1,0.3333333333333333,1,0.3333333333333333
c-1.0,S0042-probiotics-0348,probiotics,76,1,0.3333333333333333,2,0.6666666666666666,1,1.0,1,0.3333333333333333,2,0.6666666666666666
c-1.0,S0042-probiotics-0349,probiotics,75,3,1.0,1,0.3333333333333333,0,0.0,0,0.0,3,1.0
c-1.0,S0042-probiotics-0350,probiotics,99,3,1.0,3,1.0,1,1.0,3,1.0,3,1.0
c-1.0,S0042-probiotics-0351,probiotics,92,3,1.0,1,0.3333333333333333,1,1.0,1,0.3333333333333333,1,0.3333333333333333
c-1.0,S0042-probiotics-0352,probiotics,58,1,0.3333333333333333,2,0.6666666666666666,0,0.0,1,0.3333333333333333,3,1.0
c-1.0,S0042-probiotics-0353,probiotics,74,1,0.3333333333333333,2,0.6666666666666666,1,1.0,1,0.3333333333333333,2,0.6666666666666666
c-1.0,S0042-probiotics-0354,probiotics,35,0,0.0,1,0.3333333333333333,1,1.0,1,0.3333333333333333,1,0.3333333333333333
c-1.0,S0042-probiotics-0355,probiotics,63,2,0.6666666666666666,1,0.3333333333333333,1,1.0,2,0.6666666666666666,1,0.3333333333333333
c-1.0,S0042-probiotics-0356,probiotics,48,2,0.6666666666666666,1,0.3333333333333333,0,0.0,2,0.6666666666666666,2,0.6666666666666666
c-1.0,S0042-probiotics-0357,probiotics,63,1,0.3333333333333333,2,0.6666666666666666,1,1.0,1,0.3333333333333333,0,0.0
c-1.0,S0042-probiotics-0358,probiotics,97,2,0.6666666666666666,3,1.0,1,1.0,2,0.6666666666666666,3,1.0
c-1.0,S0042-probiotics-0359,probiotics,13,0,0.0,0,0.0,0,0.0,1,0.3333333333333333,1,0.3333333333333333
c-1.0,S0042-probiotics-0360,probiotics,64,1,0.3333333333333333,3,1.0,0,0.0,2,0.6666666666666666,2,0.6666666666666666
c-1.0,S0042-probiotics-0361,probiotics,48,1,0.3333333333333333,0,0.0,1,1.0,1,0.3333333333333333,1,0.3333333333333333
c-1.0,S0042-probiotics-0362,probiotics,43,2,0.6666666666666666,1,0.3333333333333333,0,0.0,2,0.6666666666666666,2,0.6666666666666666
c-1.0,S0042-probiotics-0363,probiotics,91,2,0.6666666666666666,2,0.6666666666666666,1,1.0,1,0.3333333333333333,3,1.0
c-1.0,S0042-probiotics-0364,probiotics,94,3,1.0,2,0.6666666666666666,1,1.0,0,0.0,3,1.0
c-1.0,S0042-probiotics-0365,probiotics,26,1,0.3333333333333333,1,0.3333333333333333,0,0.0,3,1.0,2,0.6666666666666666
c-1.0,S0042-probiotics-0366,probiotics,25,1,0.3333333333333333,1,0.3333333333333333,0,0.0,3,1.0,0,0.0
c-1.0,S0042-probiotics-0367,probiotics,94,3,1.0,2,0.6666666666666666,1,1.0,2,0.6666666666666666,2,0.6666666666666666
c-1.0,S0042-probiotics-0368,probiotics,89,3,1.0,2,0.6666666666666666,1,1.0,1,0.3333333333333333,2,0.6666666666666666
c-1.0,S0042-probiotics-0369,probiotics,89,3,1.0,3,1.0,1,1.0,1,0.3333333333333333,3,1.0
c-1.0,S0042-probiotics-0370,probiotics,18,0,0.0,0,0.0,0,0.0,1,0.3333333333333333,0,0.0
c-1.0,S0042-probiotics-0371,probiotics,79,2,0.6666666666666666,2,0.6666666666666666,1,1.0,2,0.6666666666666666,1,0.3333333333333333
c-1.0,S0042-probiotics-0372,probiotics,49,1,0.3333333333333333,1,0.3333333333333333,1,1.0,2,0.6666666666666666,1,0.3333333333333333
c-1.0,S0042-probiotics-0373,probiotics,23,0,0.0,1,0.3333333333333333,0,0.0,2,0.6666666666666666,3,1.0
c-1.0,S0042-probiotics-0374,probiotics,17,0,0.0,0,0.0,1,1.0,3,1.0,1,0.3333333333333333
c-1.0,S0042-probiotics-0375,probiotics,100,3,1.0,3,1.0,1,1.0,0,0.0,3,1.0
c-1.0,S0042-probiotics-0376,probiotics,96,3,1.0,1,0.3333333333333333,1,1.0,2,0.6666666666666666,3,1.0
c-1.0,S0042-probiotics-0377,probiotics,13,1,0.3333333333333333,0,0.0,0,0.0,3,1.0,1,0.3333333333333333
c-1.0,S0042-probiotics-0378,probiotics,34,0,0.0,2,0.6666666666666666,0,0.0,2,0.6666666666666666,2,0.6666666666666666
c-1.0,S0042-probiotics-0379,probiotics,27,0,0.0,1,0.3333333333333333,0,0.0,2,0.6666666666666666,2,0.6666666666666666
c-1.0,S0042-probiotics-0380,probiotics,91,3,1.0,3,1.0,1,1.0,0,0.0,2,0.6666666666666666
c-1.0,S0042-probiotics-0381,probiotics,80,3,1.0,0,0.0,1,1.0,2,0.6666666666666666,3,1.0
c-1.0,S0042-probiotics-0382,probiotics,2,0,0.0,1,0.3333333333333333,0,0.0,3,1.0,0,0.0
c-1.0,S0042-probiotics-0383,probiotics,43,1,0.3333333333333333,1,0.3333333333333333,0,0.0,0,0.0,2,0.6666666666666666
c-1.0,S0042-probiotics-0384,probiotics,16,0,0.0,1,0.3333333333333333,0,0.0,2,0.6666666666666666,1,0.3333333333333333
c-1.0,S0042-probiotics-0385,probiotics,93,2,0.6666666666666666,1,0.3333333333333333,1,1.0,1,0.3333333333333333,3,1.0
c-1.0,S0042-probiotics-0386,probiotics,27,1,0.3333333333333333,1,0.3333333333333333,0,0.0,1,0.3333333333333333,1,0.3333333333333333
c-1.0,S0042-probiotics-0387,probiotics,24,1,0.3333333333333333,2,0.6666666666666666,0,0.0,3,1.0,1,0.3333333333333333
c-1.0,S0042-probiotics-0388,probiotics,89,3,1.0,1,0.3333333333333333,1,1.0,1,0.3333333333333333,3,1.0
c-1.0,S0042-probiotics-0389,probiotics,95,2,0.6666666666666666,3,1.0,1,1.0,0,0.0,2,0.6666666666666666
c-1.0,S0042-probiotics-0390,probiotics,28,2,0.6666666666666666,2,0.6666666666666666,0,0.0,2,0.6666666666666666,0,0.0
c-1.0,S0042-probiotics-0391,probiotics,37,0,0.0,2,0.6666666666666666,0,0.0,1,0.3333333333333333,2,0.6666666666666666
c-1.0,S0042-probiotics-0392,probiotics,96,3,1.0,3,1.0,1,1.0,2,0.6666666666666666,2,0.6666666666666666
c-1.0,S0042-probiotics-0393,probiotics,25,1,0.3333333333333333,2,0.6666666666666666,0,0.0,1,0.3333333333333333,0,0.0
c-1.0,S0042-probiotics-0394,probiotics,38,1,0.3333333333333333,1,0.3333333333333333,1,1.0,2,0.6666666666666666,0,0.0
c-1.0,S0042-probiotics-0395,probiotics,90,1,0.3333333333333333,3,1.0,1,1.0,0,0.0,3,1.0
c-1.0,S0042-probiotics-0396,probiotics,48,2,0.6666666666666666,1,0.3333333333333333,0,0.0,2,0.6666666666666666,2,0.6666666666666666
c-1.0,S0042-probiotics-0397,probiotics,54,1,0.3333333333333333,2,0.6666666666666666,1,1.0,3,1.0,1,0.3333333333333333
c-1.0,S0042-probiotics-0398,probiotics,14,1,0.3333333333333333,1,0.3333333333333333,0,0.0,1,0.3333333333333333,0,0.0
c-1.0,S0042-probiotics-0399,probiotics,93,2,0.6666666666666666,2,0.6666666666666666,1,1.0,0,0.0,3,1.0
c-1.0,S0042-probiotics-0400,probiotics,73,2,0.6666666666666666,3,1.0,0,0.0,1,0.3333333333333333,2,0.6666666666666666
c-1.0,S0042-probiotics-0401,probiotics,15,0,0.0,2,0.6666666666666666,0,0.0,2,0.6666666666666666,1,0.3333333333333333
c-1.0,S0042-probiotics-0402,probiotics,63,0,0.0,2,0.6666666666666666,1,1.0,2,0.6666666666666666,2,0.6666666666666666
c-1.0,S0042-probiotics-0403,probiotics,38,0,0.0,1,0.3333333333333333,1,1.0,2,0.6666666666666666,1,0.3333333333333333
c-1.0,S0042-probiotics-0404,probiotics,16,1,0.3333333333333333,1,0.3333333333333333,0,0.0,2,0.6666666666666666,0,0.0
c-1.0,S0042-probiotics-0405,probiotics,31,0,0.0,1,0.3333333333333333,1,1.0,2,0.6666666666666666,2,0.6666666666666666
c-1.0,S0042-probiotics-0406,probiotics,88,0,0.0,3,1.0,1,1.0,1,0.3333333333333333,3,1.0
c-1.0,S0042-probiotics-0407,probiotics,97,3,1.0,3,1.0,1,1.0,1,0.3333333333333333,2,0.6666666666666666
c-1.0,S0042-probiotics-0408,probiotics,88,3,1.0,3,1.0,1,1.0,2,0.6666666666666666,2,0.6666666666666666
c-1.0,S0042-probiotics-0409,probiotics,92,3,1.0,2,0.6666666666666666,1,1.0,0,0.0,3,1.0
c-1.0,S0042-probiotics-0410,probiotics,58,1,0.3333333333333333,1,0.3333333333333333,1,1.0,2,0.6666666666666666,2,0.6666666666666666
c-1.0,S0042-probiotics-0411,probiotics,96,2,0.6666666666666666,2,0.6666666666666666,1,1.0,0,0.0,2,0.6666666666666666
c-1.0,S0042-probiotics-0412,probiotics,38,1,0.3333333333333333,0,0.0,1,1.0,2,0.6666666666666666,2,0.6666666666666666
c-1.0,S0042-probiotics-0413,probiotics,49,0,0.0,2,0.6666666666666666,1,1.0,2,0.6666666666666666,2,0.6666666666666666
c-1.0,S0042-probiotics-0414,probiotics,40,2,0.6666666666666666,1,0.3333333333333333,0,0.0,1,0.3333333333333333,1,0.3333333333333333
c-1.0,S0042-probiotics-0415,probiotics,36,0,0.0,2,0.6666666666666666,1,1.0,3,1.0,1,0.3333333333333333
c-1.0,S0042-probiotics-0416,probiotics,96,3,1.0,1,0.3333333333333333,1,1.0,1,0.3333333333333333,2,0.6666666666666666
c-1.0,S0042-probiotics-0417,probiotics,97,2,0.6666666666666666,3,1.0,1,1.0,0,0.0,1,0.3333333333333333
c-1.0,S0042-probiotics-0418,probiotics,21,0,0.0,1,0.3333333333333333,1,1.0,3,1.0,1,0.3333333333333333
c-1.0,S0042-probiotics-0419,probiotics,6,1,0.3333333333333333,0,0.0,0,0.0,3,1.0,1,0.3333333333333333
c-1.0,S0042-probiotics-0420,probiotics,100,3,1.0,2,0.6666666666666666,1,1.0,0,0.0,3,1.0
c-1.0,S0042-probiotics-0421,probiotics,69,1,0.3333333333333333,3,1.0,1,1.0,2,0.6666666666666666,1,0.3333333333333333
c-1.0,S0042-probiotics-0422,probiotics,49,2,0.6666666666666666,2,0.6666666666666666,0,0.0,0,0.0,1,0.3333333333333333
c-1.0,S0042-probiotics-0423,probiotics,19,1,0.3333333333333333,1,0.3333333333333333,0,0.0,3,1.0,0,0.0
c-1.0,S0042-probiotics-0424,probiotics,92,2,0.6666666666666666,3,1.0,1,1.0,1,0.3333333333333333,3,1.0
c-1.0,S0042-probiotics-0425,probiotics,11,0,0.0,0,0.0,0,0.0,3,1.0,0,0.0
c-1.0,S0042-probiotics-0426,probiotics,57,2,0.6666666666666666,1,0.3333333333333333,0,0.0,2,0.6666666666666666,3,1.0
c-1.0,S0042-probiotics-0427,probiotics,34,1,0.3333333333333333,1,0.3333333333333333,1,1.0,3,1.0,0,0.0
c-1.0,S0042-probiotics-0428,probiotics,16,0,0.0,0,0.0,1,1.0,3,1.0,0,0.0
c-1.0,S0042-probiotics-0429,probiotics,62,3,1.0,2,0.6666666666666666,0,0.0,1,0.3333333333333333,1,0.3333333333333333
c-1.0,S0042-probiotics-0430,probiotics,56,1,0.3333333333333333,1,0.3333333333333333,1,1.0,2,0.6666666666666666,2,0.6666666666666666
c-1.0,S0042-probiotics-0431,probiotics,32,1,0.3333333333333333,1,0.3333333333333333,0,0.0,1,0.3333333333333333,1,0.3333333333333333
c-1.0,S0042-probiotics-0432,probiotics,36,1,0.3333333333333333,2,0.6666666666666666,0,0.0,2,0.6666666666666666,1,0.3333333333333333
c-1.0,S0042-probiotics-0433,probiotics,100,3,1.0,2,0.6666666666666666,1,1.0,0,0.0,2,0.6666666666666666
c-1.0,S0042-probiotics-0434,probiotics,74,2,0.6666666666666666,1,0.3333333333333333,1,1.0,2,0.6666666666666666,1,0.3333333333333333
c-1.0,S0042-probiotics-0435,probiotics,67,2,0.6666666666666666,1,0.3333333333333333,0,0.0,1,0.3333333333333333,3,1.0
c-1.0,S0042-probiotics-0436,probiotics,20,0,0.0,1,0.3333333333333333,0,0.0,1,0.3333333333333333,1,0.3333333333333333
c-1.0,S0042-probiotics-0437,probiotics,81,2,0.6666666666666666,2,0.6666666666666666,0,0.0,0,0.0,3,1.0
c-1.0,S0042-probiotics-0438,probiotics,25,0,0.0,2,0.6666666666666666,0,0.0,2,0.6666666666666666,1,0.3333333333333333
c-1.0,S0042-probiotics-0439,probiotics,20,0,0.0,0,0.0,1,1.0,3,1.0,1,0.3333333333333333
c-1.0,S0042-probiotics-0440,probiotics,74,2,0.6666666666666666,0,0.0,1,1.0,2,0.6666666666666666,3,1.0
c-1.0,S0042-probiotics-0441,probiotics,82,3,1.0,3,1.0,0,0.0,1,0.3333333333333333,2,0.6666666666666666
c-1.0,S0042-probiotics-0442,probiotics,50,2,0.6666666666666666,1,0.3333333333333333,0,0.0,1,0.3333333333333333,1,0.3333333333333333
c-1.0,S0042-probiotics-0443,probiotics,60,2,0.6666666666666666,0,0.0,1,1.0,2,0.6666666666666666,1,0.3333333333333333
c-1.0,S0042-probiotics-0444,probiotics,16,1,0.3333333333333333,2,0.6666666666666666,0,0.0,3,1.0,0,0.0
c-1.0,S0042-probiotics-0445,probiotics,74,2,0.6666666666666666,1,0.3333333333333333,1,1.0,2,0.6666666666666666,2,0.6666666666666666
c-1.0,S0042-probiotics-0446,probiotics,66,1,0.3333333333333333,1,0.3333333333333333,1,1.0,1,0.3333333333333333,2,0.6666666666666666
c-1.0,S0042-probiotics-0447,probiotics,88,2,0.6666666666666666,2,0.6666666666666666,1,1.0,1,0.3333333333333333,2,0.6666666666666666
c-1.0,S0042-probiotics-0448,probiotics,21,0,0.0,1,0.3333333333333333,1,1.0,2,0.6666666666666666,1,0.3333333333333333
c-1.0,S0042-probiotics-0449,probiotics,6,0,0.0,0,0.0,0,0.0,2,0.6666666666666666,0,0.0
c-1.0,S0042-probiotics-0450,probiotics,10,0,0.0,0,0.0,0,0.0,3,1.0,0,0.0
c-1.0,S0042-probiotics-0451,probiotics,83,3,1.0,1,0.3333333333333333,1,1.0,2,0.6666666666666666,1,0.3333333333333333
c-1.0,S0042-probiotics-0452,probiotics,25,1,0.3333333333333333,1,0.3333333333333333,0,0.0,3,1.0,2,0.6666666666666666
c-1.0,S0042-probiotics-0453,probiotics,62,1,0.3333333333333333,2,0.6666666666666666,1,1.0,2,0.6666666666666666,1,0.3333333333333333
c-1.0,S0042-probiotics-0454,probiotics,27,1,0.3333333333333333,1,0.3333333333333333,0,0.0,1,0.3333333333333333,2,0.6666666666666666
c-1.0,S0042-probiotics-0455,probiotics,93,3,1.0,2,0.6666666666666666,1,1.0,0,0.0,1,0.3333333333333333
c-1.0,S0042-probiotics-0456,probiotics,95,2,0.6666666666666666,3,1.0,1,1.0,1,0.3333333333333333,3,1.0
c-1.0,S0042-probiotics-0457,probiotics,32,0,0.0,3,1.0,0,0.0,2,0.6666666666666666,1,0.3333333333333333
c-1.0,S0042-probiotics-0458,probiotics,23,0,0.0,1,0.3333333333333333,1,1.0,3,1.0,1,0.3333333333333333
c-1.0,S0042-probiotics-0459,probiotics,89,3,1.0,3,1.0,0,0.0,0,0.0,2,0.6666666666666666
c-1.0,S0042-probiotics-0460,probiotics,17,1,0.3333333333333333,0,0.0,0,0.0,3,1.0,1,0.3333333333333333
c-1.0,S0042-probiotics-0461,probiotics,67,1,0.3333333333333333,1,0.3333333333333333,1,1.0,2,0.6666666666666666,2,0.6666666666666666
c-1.0,S0042-probiotics-0462,probiotics,85,2,0.6666666666666666,3,1.0,1,1.0,0,0.0,1,0.3333333333333333
c-1.0,S0042-probiotics-0463,probiotics,61,1,0.3333333333333333,2,0.6666666666666666,1,1.0,2,0.6666666666666666,1,0.3333333333333333
c-1.0,S0042-probiotics-0464,probiotics,67,2,0.6666666666666666,1,0.3333333333333333,1,1.0,3,1.0,1,0.3333333333333333
c-1.0,S0042-probiotics-0465,probiotics,21,1,0.3333333333333333,1,0.3333333333333333,0,0.0,3,1.0,2,0.6666666666666666
c-1.0,S0042-probiotics-0466,probiotics,100,2,0.6666666666666666,2,0.6666666666666666,1,1.0,1,0.3333333333333333,3,1.0
c-1.0,S0042-probiotics-0467,probiotics,36,0,0.0,1,0.3333333333333333,1,1.0,2,0.6666666666666666,0,0.0
c-1.0,S0042-probiotics-0468,probiotics,11,0,0.0,2,0.6666666666666666,0,0.0,2,0.6666666666666666,0,0.0
c-1.0,S0042-probiotics-0469,probiotics,25,2,0.6666666666666666,2,0.6666666666666666,0,0.0,3,1.0,0,0.0
c-1.0,S0042-probiotics-0470,probiotics,0,0,0.0,0,0.0,0,0.0,1,0.3333333333333333,0,0.0
c-1.0,S0042-probiotics-0471,probiotics,54,2,0.6666666666666666,0,0.0,1,1.0,2,0.6666666666666666,1,0.3333333333333333
c-1.0,S0042-probiotics-0472,probiotics,25,0,0.0,0,0.0,1,1.0,2,0.6666666666666666,2,0.6666666666666666
c-1.0,S0042-probiotics-0473,probiotics,84,3,1.0,3,1.0,1,1.0,1,0.3333333333333333,2,0.6666666666666666
c-1.0,S0042-probiotics-0474,probiotics,75,2,0.6666666666666666,1,0.3333333333333333,1,1.0,2,0.6666666666666666,2,0.6666666666666666
c-1.0,S0042-probiotics-0475,probiotics,85,2,0.6666666666666666,2,0.6666666666666666,1,1.0,2,0.6666666666666666,2,0.6666666666666666
c-1.0,S0042-probiotics-0476,probiotics,89,1,0.3333333333333333,2,0.6666666666666666,1,1.0,1,0.3333333333333333,3,1.0
c-1.0,S0042-probiotics-0477,probiotics,87,2,0.6666666666666666,3,1.0,1,1.0,3,1.0,2,0.6666666666666666
c-1.0,S0042-probiotics-0478,probiotics,91,2,0.6666666666666666,2,0.6666666666666666,1,1.0,1,0.3333333333333333,3,1.0
c-1.0,S0042-probiotics-0479,probiotics,60,2,0.6666666666666666,2,0.6666666666666666,0,0.0,1,0.3333333333333333,1,0.3333333333333333
c-1.0,S0042-probiotics-0480,probiotics,63,3,1.0,1,0.3333333333333333,0,0.0,1,0.3333333333333333,2,0.6666666666666666
c-1.0,S0042-probiotics-0481,probiotics,33,1,0.3333333333333333,0,0.0,0,0.0,1,0.3333333333333333,3,1.0
c-1.0,S0042-probiotics-0482,probiotics,93,2,0.6666666666666666,2,0.6666666666666666,1,1.0,0,0.0,3,1.0
c-1.0,S0042-probiotics-0483,probiotics,62,1,0.3333333333333333,2,0.6666666666666666,1,1.0,2,0.6666666666666666,1,0.3333333333333333
c-1.0,S0042-probiotics-0484,probiotics,32,1,0.3333333333333333,1,0.3333333333333333,0,0.0,0,0.0,1,0.3333333333333333
c-1.0,S0042-probiotics-0485,probiotics,1,0,0.0,0,0.0,0,0.0,3,1.0,0,0.0
c-1.0,S0042-probiotics-0486,probiotics,88,1,0.3333333333333333,3,1.0,1,1.0,0,0.0,2,0.6666666666666666
c-1.0,S0042-probiotics-0487,probiotics,34,1,0.3333333333333333,3,1.0,0,0.0,2,0.6666666666666666,0,0.0
c-1.0,S0042-probiotics-0488,probiotics,35,3,1.0,0,0.0,0,0.0,2,0.6666666666666666,2,0.6666666666666666
c-1.0,S0042-probiotics-0489,probiotics,49,2,0.6666666666666666,1,0.3333333333333333,0,0.0,1,0.3333333333333333,2,0.6666666666666666
c-1.0,S0042-probiotics-0490,probiotics,100,3,1.0,1,0.3333333333333333,1,1.0,1,0.3333333333333333,3,1.0
c-1.0,S0042-probiotics-0491,probiotics,32,1,0.3333333333333333,1,0.3333333333333333,0,0.0,1,0.3333333333333333,2,0.6666666666666666
c-1.0,S0042-probiotics-0492,probiotics,35,1,0.3333333333333333,2,0.6666666666666666,0,0.0,2,0.6666666666666666,1,0.3333333333333333
c-1.0,S0042-probiotics-0493,probiotics,76,2,0.6666666666666666,1,0.3333333333333333,1,1.0,1,0.3333333333333333,2,0.6666666666666666
c-1.0,S0042-probiotics-0494,probiotics,59,1,0.3333333333333333,2,0.6666666666666666,1,1.0,2,0.6666666666666666,1,0.3333333333333333
c-1.0,S0042-probiotics-0495,probiotics,11,0,0.0,0,0.0,0,0.0,2,0.6666666666666666,2,0.6666666666666666
c-1.0,S0042-probiotics-0496,probiotics,82,1,0.3333333333333333,2,0.6666666666666666,1,1.0,0,0.0,2,0.6666666666666666
c-1.0,S0042-probiotics-0497,probiotics,36,1,0.3333333333333333,2,0.6666666666666666,0,0.0,2,0.6666666666666666,1,0.3333333333333333
c-1.0,S0042-probiotics-0498,probiotics,72,2,0.6666666666666666,3,1.0,0,0.0,1,0.3333333333333333,2,0.6666666666666666
c-1.0,S0042-probiotics-0499,probiotics,16,1,0.3333333333333333,0,0.0,0,0.0,1,0.3333333333333333,0,0.0
c-1.0,S0042-probiotics-0500,probiotics,87,2,0.6666666666666666,2,0.6666666666666666,1,1.0,0,0.0,2,0.6666666666666666
c-1.0,S0042-probiotics-0501,probiotics,85,2,0.6666666666666666,3,1.0,1,1.0,2,0.6666666666666666,2,0.6666666666666666
c-1.0,S0042-probiotics-0502,probiotics,85,3,1.0,0,0.0,1,1.0,2,0.6666666666666666,2,0.6666666666666666
c-1.0,S0042-probiotics-0503,probiotics,97,2,0.6666666666666666,2,0.6666666666666666,1,1.0,0,0.0,3,1.0
c-1.0,S0042-probiotics-0504,probiotics,87,3,1.0,2,0.6666666666666666,1,1.0,1,0.3333333333333333,2,0.6666666666666666
c-1.0,S0042-probiotics-0505,probiotics,29,1,0.3333333333333333,2,0.6666666666666666,0,0.0,2,0.6666666666666666,1,0.3333333333333333
c-1.0,S0042-probiotics-0506,probiotics,62,2,0.6666666666666666,2,0.6666666666666666,0,0.0,0,0.0,1,0.3333333333333333
c-1.0,S0042-probiotics-0507,probiotics,2,0,0.0,1,0.3333333333333333,0,0.0,2,0.6666666666666666,0,0.0
c-1.0,S0042-probiotics-0508,probiotics,10,0,0.0,1,0.3333333333333333,0,0.0,3,1.0,0,0.0
c-1.0,S0042-probiotics-0509,probiotics,94,3,1.0,3,1.0,1,1.0,1,0.3333333333333333,2,0.6666666666666666
c-1.0,S0042-probiotics-0510,probiotics,36,2,0.6666666666666666,1,0.3333333333333333,0,0.0,2,0.6666666666666666,1,0.3333333333333333
c-1.0,S0042-probiotics-0511,probiotics,79,2,0.6666666666666666,3,1.0,0,0.0,1,0.3333333333333333,2,0.6666666666666666
c-1.0,S0042-probiotics-0512,probiotics,21,2,0.6666666666666666,0,0.0,0,0.0,2,0.6666666666666666,1,0.3333333333333333
c-1.0,S0042-probiotics-0513,probiotics,88,3,1.0,2,0.6666666666666666,1,1.0,2,0.6666666666666666,2,0.6666666666666666
c-1.0,S0042-probiotics-0514,probiotics,40,1,0.3333333333333333,0,0.0,1,1.0,1,0.3333333333333333,1,0.3333333333333333
c-1.0,S0042-probiotics-0515,probiotics,64,1,0.3333333333333333,2,0.6666666666666666,1,1.0,1,0.3333333333333333,0,0.0
c-1.0,S0042-probiotics-0516,probiotics,97,3,1.0,2,0.6666666666666666,1,1.0,1,0.3333333333333333,2,0.6666666666666666
c-1.0,S0042-probiotics-0517,probiotics,27,2,0.6666666666666666,1,0.3333333333333333,0,0.0,2,0.6666666666666666,1,0.3333333333333333
c-1.0,S0042-probiotics-0518,probiotics,75,2,0.6666666666666666,1,0.3333333333333333,1,1.0,3,1.0,2,0.6666666666666666
c-1.0,S0042-probiotics-0519,probiotics,26,0,0.0,0,0.0,1,1.0,2,0.6666666666666666,1,0.3333333333333333
c-1.0,S0042-probiotics-0520,probiotics,35,2,0.6666666666666666,2,0.6666666666666666,0,0.0,1,0.3333333333333333,0,0.0
c-1.0,S0042-probiotics-0521,probiotics,39,0,0.0,1,0.3333333333333333,1,1.0,1,0.3333333333333333,1,0.3333333333333333
c-1.0,S0042-probiotics-0522,probiotics,19,0,0.0,0,0.0,1,1.0,2,0.6666666666666666,0,0.0
c-1.0,S0042-probiotics-0523,probiotics,96,3,1.0,2,0.6666666666666666,1,1.0,1,0.3333333333333333,2,0.6666666666666666
c-1.0,S0042-probiotics-0524,probiotics,54,1,0.3333333333333333,1,0.3333333333333333,1,1.0,1,0.3333333333333333,1,0.3333333333333333
c-1.0,S0042-probiotics-0525,probiotics,69,1,0.3333333333333333,3,1.0,1,1.0,3,1.0,1,0.3333333333333333
c-1.0,S0042-probiotics-0526,probiotics,77,1,0.3333333333333333,2,0.6666666666666666,1,1.0,2,0.6666666666666666,2,0.6666666666666666
c-1.0,S0042-probiotics-0527,probiotics,40,2,0.6666666666666666,1,0.3333333333333333,0,0.0,2,0.6666666666666666,2,0.6666666666666666
c-1.0,S0042-probiotics-0528,probiotics,53,2,0.6666666666666666,1,0.3333333333333333,0,0.0,0,0.0,2,0.6666666666666666
c-1.0,S0042-probiotics-0529,probiotics,62,1,0.3333333333333333,0,0.0,1,1.0,1,0.3333333333333333,2,0.6666666666666666
c-1.0,S0042-probiotics-0530,probiotics,62,1,0.3333333333333333,1,0.3333333333333333,1,1.0,1,0.3333333333333333,1,0.3333333333333333
c-1.0,S0042-probiotics-0531,probiotics,61,1,0.3333333333333333,2,0.6666666666666666,1,1.0,2,0.6666666666666666,1,0.3333333333333333
c-1.0,S0042-probiotics-0532,probiotics,93,3,1.0,3,1.0,0,0.0,0,0.0,3,1.0
c-1.0,S0042-probiotics-0533,probiotics,19,1,0.3333333333333333,1,0.3333333333333333,0,0.0,2,0.6666666666666666,1,0.3333333333333333
c-1.0,S0042-probiotics-0534,probiotics,33,1,0.3333333333333333,1,0.3333333333333333,0,0.0,1,0.3333333333333333,3,1.0
c-1.0,S0042-probiotics-0535,probiotics,93,2,0.6666666666666666,3,1.0,1,1.0,2,0.6666666666666666,3,1.0
c-1.0,S0042-probiotics-0536,probiotics,100,3,1.0,1,0.3333333333333333,1,1.0,0,0.0,3,1.0
c-1.0,S0042-probiotics-0537,probiotics,47,1,0.3333333333333333,2,0.6666666666666666,1,1.0,2,0.6666666666666666,0,0.0
c-1.0,S0042-probiotics-0538,probiotics,5,1,0.3333333333333333,0,0.0,0,0.0,3,1.0,2,0.6666666666666666
c-1.0,S0042-probiotics-0539,probiotics,68,1,0.3333333333333333,2,0.6666666666666666,1,1.0,3,1.0,2,0.6666666666666666
c-1.0,S0042-probiotics-0540,probiotics,6,1,0.3333333333333333,0,0.0,0,0.0,3,1.0,1,0.3333333333333333
c-1.0,S0042-probiotics-0541,probiotics,21,2,0.6666666666666666,0,0.0,0,0.0,3,1.0,2,0.6666666666666666
c-1.0,S0042-probiotics-0542,probiotics,28,1,0.3333333333333333,2,0.6666666666666666,0,0.0,2,0.6666666666666666,1,0.3333333333333333
c-1.0,S0042-probiotics-0543,probiotics,37,2,0.6666666666666666,1,0.3333333333333333,0,0.0,1,0.3333333333333333,1,0.3333333333333333
c-1.0,S0042-probiotics-0544,probiotics,19,0,0.0,0,0.0,0,0.0,2,0.6666666666666666,1,0.3333333333333333
c-1.0,S0042-probiotics-0545,probiotics,10,1,0.3333333333333333,0,0.0,0,0.0,3,1.0,2,0.6666666666666666
c-1.0,S0042-probiotics-0546,probiotics,10,0,0.0,0,0.0,0,0.0,2,0.6666666666666666,1,0.3333333333333333
c-1.0,S0042-probiotics-0547,probiotics,21,2,0.6666666666666666,0,0.0,0,0.0,3,1.0,1,0.3333333333333333
c-1.0,S0042-probiotics-0548,probiotics,21,1,0.3333333333333333,0,0.0,0,0.0,3,1.0,2,0.6666666666666666
c-1.0,S0042-probiotics-0549,probiotics,77,1,0.3333333333333333,1,0.3333333333333333,1,1.0,0,0.0,2,0.6666666666666666
c-1.0,S0042-probiotics-0550,probiotics,95,2,0.6666666666666666,3,1.0,1,1.0,0,0.0,2,0.6666666666666666
c-1.0,S0042-probiotics-0551,probiotics,69,2,0.6666666666666666,3,1.0,0,0.0,1,0.3333333333333333,2,0.6666666666666666
c-1.0,S0042-probiotics-0552,probiotics,89,2,0.6666666666666666,3,1.0,1,1.0,0,0.0,2,0.6666666666666666
c-1.0,S0042-probiotics-0553,probiotics,16,1,0.3333333333333333,0,0.0,0,0.0,2,0.6666666666666666,0,0.0
c-1.0,S0042-probiotics-0554,probiotics,20,0,0.0,1,0.3333333333333333,0,0.0,2,0.6666666666666666,2,0.6666666666666666
c-1.0,S0042-probiotics-0555,probiotics,25,2,0.6666666666666666,0,0.0,0,0.0,3,1.0,2,0.6666666666666666
c-1.0,S0042-probiotics-0556,probiotics,96,3,1.0,2,0.6666666666666666,1,1.0,1,0.3333333333333333,3,1.0
c-1.0,S0042-probiotics-0557,probiotics,79,2,0.6666666666666666,3,1.0,0,0.0,1,0.3333333333333333,3,1.0
c-1.0,S0042-probiotics-0558,probiotics,55,1,0.3333333333333333,2,0.6666666666666666,0,0.0,0,0.0,1,0.3333333333333333
c-1.0,S0042-probiotics-0559,probiotics,31,1,0.3333333333333333,1,0.3333333333333333,0,0.0,1,0.3333333333333333,2,0.6666666666666666
c-1.0,S0042-probiotics-0560,probiotics,37,1,0.3333333333333333,2,0.6666666666666666,0,0.0,2,0.6666666666666666,2,0.6666666666666666
c-1.0,S0042-probiotics-0561,probiotics,9,0,0.0,1,0.3333333333333333,0,0.0,3,1.0,0,0.0
c-1.0,S0042-probiotics-0562,probiotics,70,2,0.6666666666666666,2,0.6666666666666666,0,0.0,2,0.6666666666666666,3,1.0
c-1.0,S0042-probiotics-0563,probiotics,50,1,0.3333333333333333,1,0.3333333333333333,1,1.0,2,0.6666666666666666,1,0.3333333333333333
c-1.0,S0042-probiotics-0564,probiotics,66,0,0.0,2,0.6666666666666666,1,1.0,1,0.3333333333333333,2,0.6666666666666666
c-1.0,S0042-probiotics-0565,probiotics,74,1,0.3333333333333333,1,0.3333333333333333,1,1.0,2,0.6666666666666666,3,1.0
c-1.0,S0042-probiotics-0566,probiotics,66,0,0.0,2,0.6666666666666666,1,1.0,1,0.3333333333333333,2,0.6666666666666666
c-1.0,S0042-probiotics-0567,probiotics,82,2,0.6666666666666666,3,1.0,0,0.0,0,0.0,3,1.0
c-1.0,S0042-probiotics-0568,probiotics,88,0,0.0,3,1.0,1,1.0,0,0.0,2,0.6666666666666666
c-1.0,S0042-probiotics-0569,probiotics,100,3,1.0,1,0.3333333333333333,1,1.0,1,0.3333333333333333,2,0.6666666666666666
c-1.0,S0042-probiotics-0570,probiotics,94,3,1.0,1,0.3333333333333333,1,1.0,1,0.3333333333333333,2,0.6666666666666666
c-1.0,S0042-probiotics-0571,probiotics,97,2,0.6666666666666666,2,0.6666666666666666,1,1.0,1,0.3333333333333333,3,1.0
c-1.0,S0042-probiotics-0572,probiotics,52,1,0.3333333333333333,1,0.3333333333333333,1,1.0,1,0.3333333333333333,0,0.0
c-1.0,S0042-probiotics-0573,probiotics,86,3,1.0,1,0.3333333333333333,1,1.0,2,0.6666666666666666,2,0.6666666666666666
c-1.0,S0042-probiotics-0574,probiotics,7,1,0.3333333333333333,1,0.3333333333333333,0,0.0,3,1.0,0,0.0
c-1.0,S0042-probiotics-0575,probiotics,79,2,0.6666666666666666,0,0.0,1,1.0,2,0.6666666666666666,3,1.0
c-1.0,S0042-probiotics-0576,probiotics,20,2,0.6666666666666666,0,0.0,0,0.0,3,1.0,2,0.6666666666666666
c-1.0,S0042-probiotics-0577,probiotics,78,2,0.6666666666666666,1,0.3333333333333333,1,1.0,2,0.6666666666666666,2,0.6666666666666666
c-1.0,S0042-probiotics-0578,probiotics,39,2,0.6666666666666666,1,0.3333333333333333,0,0.0,2,0.6666666666666666,1,0.3333333333333333
c-1.0,S0042-probiotics-0579,probiotics,88,2,0.6666666666666666,3,1.0,1,1.0,1,0.3333333333333333,2,0.6666666666666666
c-1.0,S0042-probiotics-0580,probiotics,22,2,0.6666666666666666,0,0.0,0,0.0,2,0.6666666666666666,2,0.6666666666666666
c-1.0,S0042-probiotics-0581,probiotics,97,3,1.0,3,1.0,1,1.0,0,0.0,3,1.0
c-1.0,S0042-probiotics-0582,probiotics,43,2,0.6666666666666666,2,0.6666666666666666,0,0.0,2,0.6666666666666666,1,0.3333333333333333
c-1.0,S0042-probiotics-0583,probiotics,75,1,0.3333333333333333,3,1.0,1,1.0,0,0.0,0,0.0
c-1.0,S0042-probiotics-0584,probiotics,17,0,0.0,0,0.0,1,1.0,2,0.6666666666666666,0,0.0
c-1.0,S0042-probiotics-0585,probiotics,100,2,0.6666666666666666,3,1.0,1,1.0,1,0.3333333333333333,2,0.6666666666666666
c-1.0,S0042-probiotics-0586,probiotics,9,0,0.0,0,0.0,0,0.0,2,0.6666666666666666,0,0.0
c-1.0,S0042-probiotics-0587,probiotics,100,2,0.6666666666666666,3,1.0,1,1.0,1,0.3333333333333333,2,0.6666666666666666
c-1.0,S0042-probiotics-0588,probiotics,94,2,0.6666666666666666,2,0.6666666666666666,1,1.0,0,0.0,2,0.6666666666666666
c-1.0,S0042-probiotics-0589,probiotics,40,2,0.6666666666666666,1,0.3333333333333333,0,0.0,1,0.3333333333333333,1,0.3333333333333333
c-1.0,S0042-probiotics-0590,probiotics,22,1,0.3333333333333333,0,0.0,0,0.0,2,0.6666666666666666,1,0.3333333333333333
c-1.0,S0042-probiotics-0591,probiotics,82,3,1.0,2,0.6666666666666666,1,1.0,1,0.3333333333333333,1,0.3333333333333333
c-1.0,S0042-probiotics-0592,probiotics,4,1,0.3333333333333333,1,0.3333333333333333,0,0.0,3,1.0,0,0.0
c-1.0,S0042-probiotics-0593,probiotics,8,0,0.0,0,0.0,0,0.0,3,1.0,0,0.0
c-1.0,S0042-probiotics-0594,probiotics,24,0,0.0,0,0.0,1,1.0,3,1.0,2,0.6666666666666666
c-1.0,S0042-probiotics-0595,probiotics,26,0,0.0,0,0.0,1,1.0,2,0.6666666666666666,2,0.6666666666666666
c-1.0,S0042-probiotics-0596,probiotics,17,2,0.6666666666666666,0,0.0,0,0.0,3,1.0,1,0.3333333333333333
c-1.0,S0042-probiotics-0597,probiotics,64,2,0.6666666666666666,1,0.3333333333333333,1,1.0,1,0.3333333333333333,0,0.0
c-1.0,S0042-probiotics-0598,probiotics,12,1,0.3333333333333333,0,0.0,0,0.0,2,0.6666666666666666,1,0.3333333333333333
c-1.0,S0042-probiotics-0599,probiotics,75,2,0.6666666666666666,2,0.6666666666666666,0,0.0,0,0.0,2,0.6666666666666666
c-1.0,S0042-probiotics-0600,probiotics,98,3,1.0,2,0.6666666666666666,1,1.0,0,0.0,3,1.0
c-1.0,S0042-probiotics-0601,probiotics,52,1,0.3333333333333333,2,0.6666666666666666,0,0.0,0,0.0,1,0.3333333333333333
c-1.0,S0042-probiotics-0602,probiotics,91,2,0.6666666666666666,1,0.3333333333333333,1,1.0,0,0.0,2,0.6666666666666666
c-1.0,S0042-probiotics-0603,probiotics,89,1,0.3333333333333333,3,1.0,1,1.0,0,0.0,1,0.3333333333333333
c-1.0,S0042-probiotics-0604,probiotics,98,3,1.0,2,0.6666666666666666,1,1.0,1,0.3333333333333333,2,0.6666666666666666
c-1.0,S0042-probiotics-0605,probiotics,18,1,0.3333333333333333,0,0.0,0,0.0,2,0.6666666666666666,1,0.3333333333333333
c-1.0,S0042-probiotics-0606,probiotics,57,0,0.0,3,1.0,0,0.0,1,0.3333333333333333,2,0.6666666666666666
c-1.0,S0042-probiotics-0607,probiotics,68,3,1.0,1,0.3333333333333333,0,0.0,1,0.3333333333333333,2,0.6666666666666666
c-1.0,S0042-probiotics-0608,probiotics,67,1,0.3333333333333333,1,0.3333333333333333,1,1.0,2,0.6666666666666666,2,0.6666666666666666
c-1.0,S0042-probiotics-0609,probiotics,90,3,1.0,1,0.3333333333333333,1,1.0,1,0.3333333333333333,2,0.6666666666666666
c-1.0,S0042-probiotics-0610,probiotics,100,2,0.6666666666666666,3,1.0,1,1.0,1,0.3333333333333333,1,0.3333333333333333
c-1.0,S0042-probiotics-0611,probiotics,92,3,1.0,3,1.0,1,1.0,1,0.3333333333333333,3,1.0
c-1.0,S0042-probiotics-0612,probiotics,10,1,0.3333333333333333,0,0.0,0,0.0,3,1.0,0,0.0
c-1.0,S0042-probiotics-0613,probiotics,64,2,0.6666666666666666,1,0.3333333333333333,1,1.0,1,0.3333333333333333,0,0.0
c-1.0,S0042-probiotics-0614,probiotics,13,0,0.0,1,0.3333333333333333,0,0.0,2,0.6666666666666666,1,0.3333333333333333
c-1.0,S0042-probiotics-0615,probiotics,46,0,0.0,1,0.3333333333333333,1,1.0,1,0.3333333333333333,2,0.6666666666666666
c-1.0,S0042-probiotics-0616,probiotics,45,1,0.3333333333333333,0,0.0,1,1.0,1,0.3333333333333333,1,0.3333333333333333
c-1.0,S0042-probiotics-0617,probiotics,13,2,0.6666666666666666,0,0.0,0,0.0,3,1.0,1,0.3333333333333333
c-1.0,S0042-probiotics-0618,probiotics,93,2,0.6666666666666666,3,1.0,1,1.0,0,0.0,3,1.0
c-1.0,S0042-probiotics-0619,probiotics,35,3,1.0,0,0.0,0,0.0,2,0.6666666666666666,2,0.6666666666666666
c-1.0,S0042-probiotics-0620,probiotics,43,0,0.0,2,0.6666666666666666,1,1.0,0,0.0,0,0.0
c-1.0,S0042-probiotics-0621,probiotics,7,1,0.3333333333333333,1,0.3333333333333333,0,0.0,1,0.3333333333333333,0,0.0
c-1.0,S0042-probiotics-0622,probiotics,36,1,0.3333333333333333,2,0.6666666666666666,0,0.0,1,0.3333333333333333,1,0.3333333333333333
c-1.0,S0042-probiotics-0623,probiotics,82,2,0.6666666666666666,0,0.0,1,1.0,0,0.0,3,1.0
c-1.0,S0042-probiotics-0624,probiotics,50,1,0.3333333333333333,3,1.0,0,0.0,1,0.3333333333333333,1,0.3333333333333333
c-1.0,S0042-probiotics-0625,probiotics,28,0,0.0,2,0.6666666666666666,0,0.0,2,0.6666666666666666,1,0.3333333333333333
c-1.0,S0042-probiotics-0626,probiotics,92,2,0.6666666666666666,2,0.6666666666666666,1,1.0,1,0.3333333333333333,3,1.0
c-1.0,S0042-probiotics-0627,probiotics,66,3,1.0,2,0.6666666666666666,0,0.0,1,0.3333333333333333,2,0.6666666666666666
c-1.0,S0042-probiotics-0628,probiotics,43,2,0.6666666666666666,2,0.6666666666666666,0,0.0,2,0.6666666666666666,1,0.3333333333333333
c-1.0,S0042-probiotics-0629,probiotics,32,2,0.6666666666666666,0,0.0,0,0.0,2,0.6666666666666666,2,0.6666666666666666
c-1.0,S0042-probiotics-0630,probiotics,31,2,0.6666666666666666,2,0.6666666666666666,0,0.0,2,0.6666666666666666,0,0.0
c-1.0,S0042-probiotics-0631,probiotics,45,1,0.3333333333333333,2,0.6666666666666666,0,0.0,1,0.3333333333333333,1,0.3333333333333333
c-1.0,S0042-probiotics-0632,probiotics,90,3,1.0,2,0.6666666666666666,1,1.0,1,0.3333333333333333,2,0.6666666666666666
c-1.0,S0042-probiotics-0633,probiotics,39,1,0.3333333333333333,1,0.3333333333333333,1,1.0,3,1.0,1,0.3333333333333333
c-1.0,S0042-probiotics-0634,probiotics,75,3,1.0,0,0.0,1,1.0,2,0.6666666666666666,0,0.0
c-1.0,S0042-probiotics-0635,probiotics,76,2,0.6666666666666666,1,0.3333333333333333,1,1.0,1,0.3333333333333333,2,0.6666666666666666
c-1.0,S0042-probiotics-0636,probiotics,15,1,0.3333333333333333,0,0.0,0,0.0,3,1.0,2,0.6666666666666666
c-1.0,S0042-probiotics-0637,probiotics,80,2,0.6666666666666666,1,0.3333333333333333,1,1.0,2,0.6666666666666666,2,0.6666666666666666
c-1.0,S0042-probiotics-0638,probiotics,61,1,0.3333333333333333,3,1.0,1,1.0,2,0.6666666666666666,0,0.0
c-1.0,S0042-probiotics-0639,probiotics,62,2,0.6666666666666666,3,1.0,0,0.0,2,0.6666666666666666,2,0.6666666666666666
c-1.0,S0042-probiotics-0640,probiotics,83,2,0.6666666666666666,2,0.6666666666666666,1,1.0,1,0.3333333333333333,1,0.3333333333333333
c-1.0,S0042-probiotics-0641,probiotics,79,3,1.0,2,0.6666666666666666,0,0.0,0,0.0,2,0.6666666666666666
c-1.0,S0042-probiotics-0642,probiotics,63,1,0.3333333333333333,1,0.3333333333333333,1,1.0,0,0.0,1,0.3333333333333333
c-1.0,S0042-probiotics-0643,probiotics,62,2,0.6666666666666666,0,0.0,1,1.0,1,0.3333333333333333,1,0.3333333333333333
c-1.0,S0042-probiotics-0644,probiotics,60,1,0.3333333333333333,2,0.6666666666666666,1,1.0,2,0.6666666666666666,1,0.3333333333333333
c-1.0,S0042-probiotics-0645,probiotics,64,2,0.6666666666666666,1,0.3333333333333333,1,1.0,2,0.6666666666666666,0,0.0
c-1.0,S0042-probiotics-0646,probiotics,19,0,0.0,1,0.3333333333333333,0,0.0,3,1.0,2,0.6666666666666666
c-1.0,S0042-probiotics-0647,probiotics,86,2,0.6666666666666666,2,0.6666666666666666,1,1.0,2,0.6666666666666666,2,0.6666666666666666
c-1.0,S0042-probiotics-0648,probiotics,93,3,1.0,2,0.6666666666666666,1,1.0,2,0.6666666666666666,3,1.0
c-1.0,S0042-probiotics-0649,probiotics,92,1,0.3333333333333333,3,1.0,1,1.0,1,0.3333333333333333,2,0.6666666666666666
c-1.0,S0042-probiotics-0650,probiotics,73,2,0.6666666666666666,2,0.6666666666666666,1,1.0,2,0.6666666666666666,1,0.3333333333333333
c-1.0,S0042-probiotics-0651,probiotics,20,2,0.6666666666666666,1,0.3333333333333333,0,0.0,3,1.0,1,0.3333333333333333
c-1.0,S0042-probiotics-0652,probiotics,55,1,0.3333333333333333,1,0.3333333333333333,1,1.0,1,0.3333333333333333,1,0.3333333333333333
c-1.0,S0042-probiotics-0653,probiotics,23,1,0.3333333333333333,1,0.3333333333333333,0,0.0,1,0.3333333333333333,1,0.3333333333333333
c-1.0,S0042-probiotics-0654,probiotics,88,3,1.0,2,0.6666666666666666,1,1.0,2,0.6666666666666666,1,0.3333333333333333
c-1.0,S0042-probiotics-0655,probiotics,30,0,0.0,0,0.0,1,1.0,3,1.0,2,0.6666666666666666
c-1.0,S0042-probiotics-0656,probiotics,92,2,0.6666666666666666,2,0.6666666666666666,1,1.0,1,0.3333333333333333,3,1.0
c-1.0,S0042-probiotics-0657,probiotics,100,3,1.0,3,1.0,1,1.0,0,0.0,3,1.0
c-1.0,S0042-probiotics-0658,probiotics,99,3,1.0,3,1.0,1,1.0,3,1.0,3,1.0
c-1.0,S0042-probiotics-0659,probiotics,90,2,0.6666666666666666,2,0.6666666666666666,1,1.0,1,0.3333333333333333,2,0.6666666666666666
c-1.0,S0042-probiotics-0660,probiotics,84,1,0.3333333333333333,2,0.6666666666666666,1,1.0,1,0.3333333333333333,3,1.0
c-1.0,S0042-probiotics-0661,probiotics,33,1,0.3333333333333333,2,0.6666666666666666,0,0.0,1,0.3333333333333333,1,0.3333333333333333
c-1.0,S0042-probiotics-0662,probiotics,14,1,0.3333333333333333,0,0.0,0,0.0,2,0.6666666666666666,1,0.3333333333333333
c-1.0,S0042-probiotics-0663,probiotics,78,2,0.6666666666666666,3,1.0,0,0.0,1,0.3333333333333333,2,0.6666666666666666
c-1.0,S0042-probiotics-0664,probiotics,38,0,0.0,1,0.3333333333333333,1,1.0,2,0.6666666666666666,2,0.6666666666666666
c-1.0,S0042-probiotics-0665,probiotics,95,1,0.3333333333333333,3,1.0,1,1.0,3,1.0,3,1.0
c-1.0,S0042-probiotics-0666,probiotics,61,2,0.6666666666666666,1,0.3333333333333333,0,0.0,1,0.3333333333333333,3,1.0
c-1.0,S0042-probiotics-0667,probiotics,64,0,0.0,1,0.3333333333333333,1,1.0,1,0.3333333333333333,2,0.6666666666666666
c-1.0,S0042-probiotics-0668,probiotics,17,1,0.3333333333333333,0,0.0,0,0.0,2,0.6666666666666666,1,0.3333333333333333
c-1.0,S0042-probiotics-0669,probiotics,82,1,0.3333333333333333,3,1.0,1,1.0,0,0.0,1,0.3333333333333333
c-1.0,S0042-probiotics-0670,probiotics,92,3,1.0,1,0.3333333333333333,1,1.0,0,0.0,1,0.3333333333333333
c-1.0,S0042-probiotics-0671,probiotics,94,3,1.0,2,0.6666666666666666,1,1.0,1,0.3333333333333333,2,0.6666666666666666
c-1.0,S0042-probiotics-0672,probiotics,60,1,0.3333333333333333,2,0.6666666666666666,1,1.0,1,0.3333333333333333,0,0.0
c-1.0,S0042-probiotics-0673,probiotics,62,3,1.0,3,1.0,0,0.0,1,0.3333333333333333,1,0.3333333333333333
c-1.0,S0042-probiotics-0674,probiotics,66,2,0.6666666666666666,0,0.0,1,1.0,2,0.6666666666666666,2,0.6666666666666666
c-1.0,S0042-probiotics-0675,probiotics,95,3,1.0,3,1.0,1,1.0,1,0.3333333333333333,3,1.0
c-1.0,S0042-probiotics-0676,probiotics,100,3,1.0,3,1.0,1,1.0,1,0.3333333333333333,2,0.6666666666666666
c-1.0,S0042-probiotics-0677,probiotics,41,3,1.0,1,0.3333333333333333,0,0.0,2,0.6666666666666666,1,0.3333333333333333
c-1.0,S0042-probiotics-0678,probiotics,91,3,1.0,2,0.6666666666666666,1,1.0,0,0.0,2,0.6666666666666666
c-1.0,S0042-probiotics-0679,probiotics,50,2,0.6666666666666666,1,0.3333333333333333,0,0.0,1,0.3333333333333333,2,0.6666666666666666
c-1.0,S0042-probiotics-0680,probiotics,16,1,0.3333333333333333,0,0.0,0,0.0,3,1.0,0,0.0
c-1.0,S0042-probiotics-0681,probiotics,11,1,0.3333333333333333,1,0.3333333333333333,0,0.0,2,0.6666666666666666,0,0.0
c-1.0,S0042-probiotics-0682,probiotics,90,2,0.6666666666666666,3,1.0,0,0.0,1,0.3333333333333333,3,1.0
c-1.0,S0042-probiotics-0683,probiotics,15,1,0.3333333333333333,0,0.0,0,0.0,2,0.6666666666666666,2,0.6666666666666666
c-1.0,S0042-probiotics-0684,probiotics,13,0,0.0,1,0.3333333333333333,0,0.0,3,1.0,0,0.0
c-1.0,S0042-probiotics-0685,probiotics,95,3,1.0,2,0.6666666666666666,1,1.0,0,0.0,3,1.0
c-1.0,S0042-probiotics-0686,probiotics,51,3,1.0,1,0.3333333333333333,0,0.0,2,0.6666666666666666,2,0.6666666666666666
c-1.0,S0042-probiotics-0687,probiotics,95,2,0.6666666666666666,3,1.0,1,1.0,1,0.3333333333333333,2,0.6666666666666666
c-1.0,S0042-probiotics-0688,probiotics,47,3,1.0,1,0.3333333333333333,0,0.0,2,0.6666666666666666,1,0.3333333333333333
c-1.0,S0042-probiotics-0689,probiotics,70,0,0.0,2,0.6666666666666666,1,1.0,1,0.3333333333333333,3,1.0
c-1.0,S0042-probiotics-0690,probiotics,73,1,0.3333333333333333,2,0.6666666666666666,1,1.0,2,0.6666666666666666,2,0.6666666666666666
c-1.0,S0042-probiotics-0691,probiotics,97,3,1.0,3,1.0,0,0.0,1,0.3333333333333333,3,1.0
c-1.0,S0042-probiotics-0692,probiotics,22,1,0.3333333333333333,0,0.0,0,0.0,2,0.6666666666666666,2,0.6666666666666666
c-1.0,S0042-probiotics-0693,probiotics,79,2,0.6666666666666666,2,0.6666666666666666,1,1.0,0,0.0,1,0.3333333333333333
c-1.0,S0042-probiotics-0694,probiotics,41,3,1.0,1,0.3333333333333333,0,0.0,2,0.6666666666666666,1,0.3333333333333333
c-1.0,S0042-probiotics-0695,probiotics,89,3,1.0,3,1.0,1,1.0,1,0.3333333333333333,2,0.6666666666666666
c-1.0,S0042-probiotics-0696,probiotics,14,0,0.0,1,0.3333333333333333,0,0.0,2,0.6666666666666666,1,0.3333333333333333
c-1.0,S0042-probiotics-0697,probiotics,88,2,0.6666666666666666,3,1.0,1,1.0,0,0.0,2,0.6666666666666666
c-1.0,S0042-probiotics-0698,probiotics,26,0,0.0,1,0.3333333333333333,1,1.0,2,0.6666666666666666,0,0.0
c-1.0,S0042-probiotics-0699,probiotics,93,1,0.3333333333333333,3,1.0,1,1.0,0,0.0,2,0.6666666666666666
c-1.0,S0042-probiotics-0700,probiotics,66,1,0.3333333333333333,2,0.6666666666666666,1,1.0,1,0.3333333333333333,1,0.3333333333333333
c-1.0,S0042-probiotics-0701,probiotics,56,2,0.6666666666666666,2,0.6666666666666666,0,0.0,1,0.3333333333333333,1,0.3333333333333333
c-1.0,S0042-probiotics-0702,probiotics,94,3,1.0,3,1.0,1,1.0,1,0.3333333333333333,2,0.6666666666666666
c-1.0,S0042-probiotics-0703,probiotics,58,3,1.0,2,0.6666666666666666,0,0.0,1,0.3333333333333333,1,0.3333333333333333
c-1.0,S0042-probiotics-0704,probiotics,87,2,0.6666666666666666,2,0.6666666666666666,1,1.0,2,0.6666666666666666,2,0.6666666666666666
c-1.0,S0042-probiotics-0705,probiotics,64,1,0.3333333333333333,1,0.3333333333333333,1,1.0,1,0.3333333333333333,2,0.6666666666666666
c-1.0,S0042-probiotics-0706,probiotics,35,1,0.3333333333333333,3,1.0,0,0.0,2,0.6666666666666666,0,0.0
c-1.0,S0042-probiotics-0707,probiotics,48,2,0.6666666666666666,2,0.6666666666666666,0,0.0,0,0.0,0,0.0
c-1.0,S0042-probiotics-0708,probiotics,17,1,0.3333333333333333,1,0.3333333333333333,0,0.0,1,0.3333333333333333,1,0.3333333333333333
c-1.0,S0042-probiotics-0709,probiotics,95,1,0.3333333333333333,3,1.0,1,1.0,1,0.3333333333333333,2,0.6666666666666666
c-1.0,S0042-probiotics-0710,probiotics,14,1,0.3333333333333333,1,0.3333333333333333,0,0.0,2,0.6666666666666666,0,0.0
c-1.0,S0042-probiotics-0711,probiotics,77,2,0.6666666666666666,1,0.3333333333333333,1,1.0,1,0.3333333333333333,1,0.3333333333333333
c-1.0,S0042-probiotics-0712,probiotics,20,0,0.0,0,0.0,1,1.0,1,0.3333333333333333,1,0.3333333333333333
c-1.0,S0042-probiotics-0713,probiotics,71,1,0.3333333333333333,1,0.3333333333333333,1,1.0,0,0.0,1,0.3333333333333333
c-1.0,S0042-probiotics-0714,probiotics,32,1,0.3333333333333333,1,0.3333333333333333,0,0.0,2,0.6666666666666666,2,0.6666666666666666
c-1.0,S0042-probiotics-0715,probiotics,3,0,0.0,0,0.0,0,0.0,2,0.6666666666666666,1,0.3333333333333333
c-1.0,S0042-probiotics-0716,probiotics,47,1,0.3333333333333333,1,0.3333333333333333,1,1.0,2,0.6666666666666666,0,0.0
c-1.0,S0042-probiotics-0717,probiotics,13,0,0.0,0,0.0,0,0.0,2,0.6666666666666666,1,0.3333333333333333
c-1.0,S0042-probiotics-0718,probiotics,35,1,0.3333333333333333,0,0.0,1,1.0,2,0.6666666666666666,1,0.3333333333333333
c-1.0,S0042-probiotics-0719,probiotics,92,2,0.6666666666666666,3,1.0,1,1.0,0,0.0,3,1.0
c-1.0,S0042-probiotics-0720,probiotics,6,1,0.3333333333333333,0,0.0,0,0.0,2,0.6666666666666666,1,0.3333333333333333
c-1.0,S0042-probiotics-0721,probiotics,2,1,0.3333333333333333,0,0.0,0,0.0,3,1.0,0,0.0
c-1.0,S0042-probiotics-0722,probiotics,95,3,1.0,2,0.6666666666666666,1,1.0,1,0.3333333333333333,3,1.0
c-1.0,S0042-probiotics-0723,probiotics,88,2,0.6666666666666666,1,0.3333333333333333,1,1.0,1,0.3333333333333333,2,0.6666666666666666
c-1.0,S0042-probiotics-0724,probiotics,75,3,1.0,3,1.0,0,0.0,1,0.3333333333333333,1,0.3333333333333333
c-1.0,S0042-probiotics-0725,probiotics,27,0,0.0,1,0.3333333333333333,0,0.0,1,0.3333333333333333,2,0.6666666666666666
c-1.0,S0042-probiotics-0726,probiotics,31,0,0.0,2,0.6666666666666666,1,1.0,2,0.6666666666666666,0,0.0
c-1.0,S0042-probiotics-0727,probiotics,39,2,0.6666666666666666,1,0.3333333333333333,0,0.0,1,0.3333333333333333,1,0.3333333333333333
c-1.0,S0042-probiotics-0728,probiotics,78,3,1.0,1,0.3333333333333333,1,1.0,1,0.3333333333333333,1,0.3333333333333333
c-1.0,S0042-probiotics-0729,probiotics,87,2,0.6666666666666666,3,1.0,1,1.0,2,0.6666666666666666,1,0.3333333333333333
c-1.0,S0042-probiotics-0730,probiotics,89,1,0.3333333333333333,3,1.0,1,1.0,2,0.6666666666666666,3,1.0
c-1.0,S0042-probiotics-0731,probiotics,34,1,0.3333333333333333,2,0.6666666666666666,0,0.0,1,0.3333333333333333,1,0.3333333333333333
c-1.0,S0042-probiotics-0732,probiotics,24,1,0.3333333333333333,0,0.0,1,1.0,2,0.6666666666666666,0,0.0
c-1.0,S0042-probiotics-0733,probiotics,48,2,0.6666666666666666,3,1.0,0,0.0,1,0.3333333333333333,0,0.0
c-1.0,S0042-probiotics-0734,probiotics,16,1,0.3333333333333333,1,0.3333333333333333,0,0.0,2,0.6666666666666666,1,0.3333333333333333
c-1.0,S0042-probiotics-0735,probiotics,93,3,1.0,2,0.6666666666666666,1,1.0,2,0.6666666666666666,2,0.6666666666666666
c-1.0,S0042-probiotics-0736,probiotics,13,1,0.3333333333333333,0,0.0,0,0.0,2,0.6666666666666666,0,0.0
c-1.0,S0042-probiotics-0737,probiotics,69,2,0.6666666666666666,0,0.0,1,1.0,2,0.6666666666666666,2,0.6666666666666666
c-1.0,S0042-probiotics-0738,probiotics,69,3,1.0,1,0.3333333333333333,0,0.0,0,0.0,2,0.6666666666666666
c-1.0,S0042-probiotics-0739,probiotics,14,0,0.0,1,0.3333333333333333,0,0.0,2,0.6666666666666666,2,0.6666666666666666
c-1.0,S0042-probiotics-0740,probiotics,98,3,1.0,3,1.0,1,1.0,1,0.3333333333333333,2,0.6666666666666666
c-1.0,S0042-probiotics-0741,probiotics,45,2,0.6666666666666666,2,0.6666666666666666,0,0.0,1,0.3333333333333333,1,0.3333333333333333
c-1.0,S0042-probiotics-0742,probiotics,8,0,0.0,0,0.0,0,0.0,3,1.0,2,0.6666666666666666
c-1.0,S0042-probiotics-0743,probiotics,8,1,0.3333333333333333,0,0.0,0,0.0,2,0.6666666666666666,0,0.0
c-1.0,S0042-probiotics-0744,probiotics,46,1,0.3333333333333333,2,0.6666666666666666,0,0.0,2,0.6666666666666666,2,0.6666666666666666
c-1.0,S0042-probiotics-0745,probiotics,20,1,0.3333333333333333,1,0.3333333333333333,0,0.0,2,0.6666666666666666,1,0.3333333333333333
c-1.0,S0042-probiotics-0746,probiotics,36,0,0.0,1,0.3333333333333333,1,1.0,1,0.3333333333333333,0,0.0
c-1.0,S0042-probiotics-0747,probiotics,56,1,0.3333333333333333,0,0.0,1,1.0,0,0.0,2,0.6666666666666666
c-1.0,S0042-probiotics-0748,probiotics,25,0,0.0,2,0.6666666666666666,0,0.0,1,0.3333333333333333,1,0.3333333333333333
c-1.0,S0042-probiotics-0749,probiotics,21,2,0.6666666666666666,0,0.0,0,0.0,2,0.6666666666666666,0,0.0
c-1.0,S0042-probiotics-0750,probiotics,95,3,1.0,2,0.6666666666666666,1,1.0,0,0.0,1,0.3333333333333333
c-1.0,S0042-probiotics-0751,probiotics,24,1,0.3333333333333333,2,0.6666666666666666,0,0.0,2,0.6666666666666666,1,0.3333333333333333
c-1.0,S0042-probiotics-0752,probiotics,51,2,0.6666666666666666,2,0.6666666666666666,0,0.0,1,0.3333333333333333,1,0.3333333333333333
c-1.0,S0042-probiotics-0753,probiotics,81,3,1.0,2,0.6666666666666666,1,1.0,0,0.0,0,0.0
c-1.0,S0042-probiotics-0754,probiotics,55,2,0.6666666666666666,2,0.6666666666666666,0,0.0,2,0.6666666666666666,2,0.6666666666666666
c-1.0,S0042-probiotics-0755,probiotics,91,2,0.6666666666666666,2,0.6666666666666666,1,1.0,1,0.3333333333333333,2,0.6666666666666666
c-1.0,S0042-probiotics-0756,probiotics,43,0,0.0,2,0.6666666666666666,0,0.0,2,0.6666666666666666,3,1.0
c-1.0,S0042-probiotics-0757,probiotics,80,3,1.0,2,0.6666666666666666,0,0.0,1,0.3333333333333333,2,0.6666666666666666
c-1.0,S0042-probiotics-0758,probiotics,99,2,0.6666666666666666,3,1.0,1,1.0,1,0.3333333333333333,3,1.0
c-1.0,S0042-probiotics-0759,probiotics,19,0,0.0,1,0.3333333333333333,0,0.0,2,0.6666666666666666,2,0.6666666666666666
c-1.0,S0042-probiotics-0760,probiotics,100,3,1.0,3,1.0,1,1.0,1,0.3333333333333333,2,0.6666666666666666
c-1.0,S0042-probiotics-0761,probiotics,20,1,0.3333333333333333,0,0.0,0,0.0,2,0.6666666666666666,1,0.3333333333333333
c-1.0,S0042-probiotics-0762,probiotics,79,2,0.6666666666666666,1,0.3333333333333333,1,1.0,0,0.0,1,0.3333333333333333
c-1.0,S0042-probiotics-0763,probiotics,72,2,0.6666666666666666,1,0.3333333333333333,1,1.0,2,0.6666666666666666,1,0.3333333333333333
c-1.0,S0042-probiotics-0764,probiotics,96,2,0.6666666666666666,3,1.0,1,1.0,2,0.6666666666666666,2,0.6666666666666666
c-1.0,S0042-probiotics-0765,probiotics,39,2,0.6666666666666666,1,0.3333333333333333,0,0.0,2,0.6666666666666666,2,0.6666666666666666
c-1.0,S0042-probiotics-0766,probiotics,91,2,0.6666666666666666,3,1.0,0,0.0,0,0.0,2,0.6666666666666666
c-1.0,S0042-probiotics-0767,probiotics,91,2,0.6666666666666666,1,0.3333333333333333,1,1.0,0,0.0,2,0.6666666666666666
c-1.0,S0042-probiotics-0768,probiotics,70,3,1.0,1,0.3333333333333333,0,0.0,1,0.3333333333333333,3,1.0
c-1.0,S0042-probiotics-0769,probiotics,19,1,0.3333333333333333,2,0.6666666666666666,0,0.0,3,1.0,1,0.3333333333333333
c-1.0,S0042-probiotics-0770,probiotics,92,3,1.0,3,1.0,1,1.0,0,0.0,3,1.0
c-1.0,S0042-probiotics-0771,probiotics,34,2,0.6666666666666666,1,0.3333333333333333,0,0.0,3,1.0,2,0.6666666666666666
c-1.0,S0042-probiotics-0772,probiotics,67,2,0.6666666666666666,2,0.6666666666666666,0,0.0,0,0.0,2,0.6666666666666666
c-1.0,S0042-probiotics-0773,probiotics,81,2,0.6666666666666666,1,0.3333333333333333,1,1.0,0,0.0,1,0.3333333333333333
c-1.0,S0042-probiotics-0774,probiotics,50,1,0.3333333333333333,1,0.3333333333333333,1,1.0,2,0.6666666666666666,0,0.0
c-1.0,S0042-probiotics-0775,probiotics,84,2,0.6666666666666666,3,1.0,1,1.0,1,0.3333333333333333,1,0.3333333333333333
c-1.0,S0042-probiotics-0776,probiotics,90,3,1.0,2,0.6666666666666666,1,1.0,1,0.3333333333333333,1,0.3333333333333333
c-1.0,S0042-probiotics-0777,probiotics,86,2,0.6666666666666666,2,0.6666666666666666,1,1.0,2,0.6666666666666666,2,0.6666666666666666
c-1.0,S0042-probiotics-0778,probiotics,47,1,0.3333333333333333,2,0.6666666666666666,0,0.0,3,1.0,3,1.0
c-1.0,S0042-probiotics-0779,probiotics,24,1,0.3333333333333333,1,0.3333333333333333,0,0.0,1,0.3333333333333333,0,0.0
c-1.0,S0042-probiotics-0780,probiotics,88,3,1.0,3,1.0,1,1.0,2,0.6666666666666666,2,0.6666666666666666
c-1.0,S0042-probiotics-0781,probiotics,30,0,0.0,1,0.3333333333333333,0,0.0,1,0.3333333333333333,1,0.3333333333333333
c-1.0,S0042-probiotics-0782,probiotics,54,3,1.0,2,0.6666666666666666,0,0.0,3,1.0,2,0.6666666666666666
c-1.0,S0042-probiotics-0783,probiotics,92,2,0.6666666666666666,3,1.0,0,0.0,0,0.0,3,1.0
c-1.0,S0042-probiotics-0784,probiotics,7,0,0.0,0,0.0,0,0.0,3,1.0,1,0.3333333333333333
c-1.0,S0042-probiotics-0785,probiotics,48,0,0.0,2,0.6666666666666666,1,1.0,2,0.6666666666666666,1,0.3333333333333333
c-1.0,S0042-probiotics-0786,probiotics,100,3,1.0,1,0.3333333333333333,1,1.0,2,0.6666666666666666,2,0.6666666666666666
c-1.0,S0042-probiotics-0787,probiotics,86,3,1.0,3,1.0,0,0.0,2,0.6666666666666666,3,1.0
c-1.0,S0042-probiotics-0788,probiotics,24,1,0.3333333333333333,2,0.6666666666666666,0,0.0,3,1.0,1,0.3333333333333333
c-1.0,S0042-probiotics-0789,probiotics,9,0,0.0,1,0.3333333333333333,0,0.0,2,0.6666666666666666,0,0.0
c-1.0,S0042-probiotics-0790,probiotics,38,2,0.6666666666666666,1,0.3333333333333333,0,0.0,2,0.6666666666666666,2,0.6666666666666666
c-1.0,S0042-probiotics-0791,probiotics,13,0,0.0,1,0.3333333333333333,1,1.0,2,0.6666666666666666,0,0.0
c-1.0,S0042-probiotics-0792,probiotics,90,2,0.6666666666666666,3,1.0,1,1.0,1,0.3333333333333333,3,1.0
c-1.0,S0042-probiotics-0793,probiotics,94,3,1.0,3,1.0,1,1.0,1,0.3333333333333333,3,1.0
c-1.0,S0042-probiotics-0794,probiotics,99,2,0.6666666666666666,3,1.0,1,1.0,0,0.0,3,1.0
c-1.0,S0042-probiotics-0795,probiotics,85,3,1.0,2,0.6666666666666666,0,0.0,0,0.0,2,0.6666666666666666
c-1.0,S0042-probiotics-0796,probiotics,74,1,0.3333333333333333,3,1.0,0,0.0,1,0.3333333333333333,3,1.0
c-1.0,S0042-probiotics-0797,probiotics,17,0,0.0,1,0.3333333333333333,1,1.0,2,0.6666666666666666,0,0.0
c-1.0,S0042-probiotics-0798,probiotics,12,0,0.0,1,0.3333333333333333,0,0.0,2,0.6666666666666666,1,0.3333333333333333
c-1.0,S0042-probiotics-0799,probiotics,25,0,0.0,1,0.3333333333333333,1,1.0,2,0.6666666666666666,0,0.0
c-1.0,S0042-probiotics-0800,probiotics,5,0,0.0,0,0.0,0,0.0,3,1.0,0,0.0
c-1.0,S0042-probiotics-0801,probiotics,0,0,0.0,0,0.0,0,0.0,2,0.6666666666666666,0,0.0
c-1.0,S0042-probiotics-0802,probiotics,98,2,0.6666666666666666,3,1.0,1,1.0,1,0.3333333333333333,2,0.6666666666666666
c-1.0,S0042-probiotics-0803,probiotics,35,1,0.3333333333333333,1,0.3333333333333333,0,0.0,1,0.3333333333333333,1,0.3333333333333333
c-1.0,S0042-probiotics-0804,probiotics,44,0,0.0,1,0.3333333333333333,1,1.0,0,0.0,0,0.0
c-1.0,S0042-probiotics-0805,probiotics,29,1,0.3333333333333333,2,0.6666666666666666,0,0.0,2,0.6666666666666666,1,0.3333333333333333
c-1.0,S0042-probiotics-0806,probiotics,29,1,0.3333333333333333,1,0.3333333333333333,0,0.0,3,1.0,1,0.3333333333333333
c-1.0,S0042-probiotics-0807,probiotics,88,3,1.0,1,0.3333333333333333,1,1.0,1,0.3333333333333333,1,0.3333333333333333
c-1.0,S0042-probiotics-0808,probiotics,92,3,1.0,1,0.3333333333333333,1,1.0,1,0.3333333333333333,2,0.6666666666666666
c-1.0,S0042-probiotics-0809,probiotics,13,0,0.0,1,0.3333333333333333,0,0.0,3,1.0,3,1.0
c-1.0,S0042-probiotics-0810,probiotics,33,1,0.3333333333333333,1,0.3333333333333333,0,0.0,1,0.3333333333333333,1,0.3333333333333333
c-1.0,S0042-probiotics-0811,probiotics,100,3,1.0,1,0.3333333333333333,1,1.0,0,0.0,2,0.6666666666666666
c-1.0,S0042-probiotics-0812,probiotics,64,3,1.0,2,0.6666666666666666,0,0.0,1,0.3333333333333333,1,0.3333333333333333
c-1.0,S0042-probiotics-0813,probiotics,32,0,0.0,1,0.3333333333333333,1,1.0,2,0.6666666666666666,1,0.3333333333333333
c-1.0,S0042-probiotics-0814,probiotics,20,1,0.3333333333333333,0,0.0,0,0.0,2,0.6666666666666666,1,0.3333333333333333
c-1.0,S0042-probiotics-0815,probiotics,60,2,0.6666666666666666,1,0.3333333333333333,1,1.0,3,1.0,1,0.3333333333333333
c-1.0,S0042-probiotics-0816,probiotics,18,1,0.3333333333333333,1,0.3333333333333333,0,0.0,2,0.6666666666666666,1,0.3333333333333333
c-1.0,S0042-probiotics-0817,probiotics,65,2,0.6666666666666666,1,0.3333333333333333,1,1.0,2,0.6666666666666666,1,0.3333333333333333
c-1.0,S0042-probiotics-0818,probiotics,93,3,1.0,1,0.3333333333333333,1,1.0,2,0.6666666666666666,3,1.0
c-1.0,S0042-probiotics-0819,probiotics,33,2,0.6666666666666666,0,0.0,0,0.0,2,0.6666666666666666,2,0.6666666666666666
c-1.0,S0042-probiotics-0820,probiotics,44,1,0.3333333333333333,1,0.3333333333333333,0,0.0,1,0.3333333333333333,2,0.6666666666666666
c-1.0,S0042-probiotics-0821,probiotics,98,3,1.0,3,1.0,1,1.0,3,1.0,3,1.0
c-1.0,S0042-probiotics-0822,probiotics,17,0,0.0,0,0.0,1,1.0,2,0.6666666666666666,0,0.0
c-1.0,S0042-probiotics-0823,probiotics,74,3,1.0,3,1.0,0,0.0,2,0.6666666666666666,1,0.3333333333333333
c-1.0,S0042-probiotics-0824,probiotics,57,2,0.6666666666666666,2,0.6666666666666666,0,0.0,2,0.6666666666666666,2,0.6666666666666666
c-1.0,S0042-probiotics-0825,probiotics,90,2,0.6666666666666666,3,1.0,0,0.0,0,0.0,3,1.0
c-1.0,S0042-probiotics-0826,probiotics,28,2,0.6666666666666666,1,0.3333333333333333,0,0.0,1,0.3333333333333333,1,0.3333333333333333
c-1.0,S0042-probiotics-0827,probiotics,81,2,0.6666666666666666,2,0.6666666666666666,1,1.0,2,0.6666666666666666,2,0.6666666666666666
c-1.0,S0042-probiotics-0828,probiotics,85,2,0.6666666666666666,2,0.6666666666666666,1,1.0,1,0.3333333333333333,1,0.3333333333333333
c-1.0,S0042-probiotics-0829,probiotics,85,1,0.3333333333333333,3,1.0,1,1.0,0,0.0,1,0.3333333333333333
c-1.0,S0042-probiotics-0830,probiotics,11,1,0.3333333333333333,1,0.3333333333333333,0,0.0,2,0.6666666666666666,0,0.0
c-1.0,S0042-probiotics-0831,probiotics,87,3,1.0,3,1.0,0,0.0,1,0.3333333333333333,2,0.6666666666666666
c-1.0,S0042-probiotics-0832,probiotics,14,0,0.0,2,0.6666666666666666,0,0.0,2,0.6666666666666666,1,0.3333333333333333
c-1.0,S0042-probiotics-0833,probiotics,84,2,0.6666666666666666,1,0.3333333333333333,1,1.0,0,0.0,1,0.3333333333333333
c-1.0,S0042-probiotics-0834,probiotics,48,2,0.6666666666666666,1,0.3333333333333333,0,0.0,3,1.0,3,1.0
c-1.0,S0042-probiotics-0835,probiotics,24,0,0.0,2,0.6666666666666666,0,0.0,1,0.3333333333333333,1,0.3333333333333333
c-1.0,S0042-probiotics-0836,probiotics,58,3,1.0,0,0.0,1,1.0,2,0.6666666666666666,0,0.0
c-1.0,S0042-probiotics-0837,probiotics,35,1,0.3333333333333333,0,0.0,1,1.0,3,1.0,1,0.3333333333333333
c-1.0,S0042-probiotics-0838,probiotics,91,2,0.6666666666666666,3,1.0,1,1.0,2,0.6666666666666666,2,0.6666666666666666
c-1.0,S0042-probiotics-0839,probiotics,87,2,0.6666666666666666,1,0.3333333333333333,1,1.0,1,0.3333333333333333,2,0.6666666666666666
c-1.0,S0042-probiotics-0840,probiotics,41,0,0.0,1,0.3333333333333333,1,1.0,1,0.3333333333333333,0,0.0
c-1.0,S0042-probiotics-0841,probiotics,63,2,0.6666666666666666,0,0.0,1,1.0,1,0.3333333333333333,1,0.3333333333333333
c-1.0,S0042-probiotics-0842,probiotics,98,3,1.0,3,1.0,1,1.0,1,0.3333333333333333,3,1.0
c-1.0,S0042-probiotics-0843,probiotics,78,2,0.6666666666666666,2,0.6666666666666666,1,1.0,1,0.3333333333333333,1,0.3333333333333333
c-1.0,S0042-probiotics-0844,probiotics,24,1,0.3333333333333333,2,0.6666666666666666,0,0.0,2,0.6666666666666666,1,0.3333333333333333
c-1.0,S0042-probiotics-0845,probiotics,85,3,1.0,3,1.0,0,0.0,1,0.3333333333333333,2,0.6666666666666666
c-1.0,S0042-probiotics-0846,probiotics,27,2,0.6666666666666666,0,0.0,0,0.0,1,0.3333333333333333,1,0.3333333333333333
c-1.0,S0042-probiotics-0847,probiotics,20,1,0.3333333333333333,1,0.3333333333333333,0,0.0,2,0.6666666666666666,0,0.0
c-1.0,S0042-probiotics-0848,probiotics,71,2,0.6666666666666666,2,0.6666666666666666,0,0.0,0,0.0,3,1.0
c-1.0,S0042-probiotics-0849,probiotics,43,3,1.0,1,0.3333333333333333,0,0.0,2,0.6666666666666666,1,0.3333333333333333
c-1.0,S0042-probiotics-0850,probiotics,18,1,0.3333333333333333,0,0.0,0,0.0,1,0.3333333333333333,2,0.6666666666666666
c-1.0,S0042-probiotics-0851,probiotics,27,1,0.3333333333333333,0,0.0,1,1.0,2,0.6666666666666666,0,0.0
c-1.0,S0042-probiotics-0852,probiotics,27,2,0.6666666666666666,1,0.3333333333333333,0,0.0,2,0.6666666666666666,2,0.6666666666666666
c-1.0,S0042-probiotics-0853,probiotics,12,1,0.3333333333333333,0,0.0,0,0.0,2,0.6666666666666666,0,0.0
c-1.0,S0042-probiotics-0854,probiotics,69,2,0.6666666666666666,1,0.3333333333333333,1,1.0,2,0.6666666666666666,1,0.3333333333333333
c-1.0,S0042-probiotics-0855,probiotics,16,0,0.0,0,0.0,0,0.0,3,1.0,1,0.3333333333333333
c-1.0,S0042-probiotics-0856,probiotics,82,2,0.6666666666666666,1,0.3333333333333333,1,1.0,1,0.3333333333333333,1,0.3333333333333333
c-1.0,S0042-probiotics-0857,probiotics,28,0,0.0,1,0.3333333333333333,1,1.0,2,0.6666666666666666,1,0.3333333333333333
c-1.0,S0042-probiotics-0858,probiotics,93,2,0.6666666666666666,3,1.0,1,1.0,1,0.3333333333333333,3,1.0
c-1.0,S0042-probiotics-0859,probiotics,79,3,1.0,0,0.0,1,1.0,1,0.3333333333333333,1,0.3333333333333333
c-1.0,S0042-probiotics-0860,probiotics,33,1,0.3333333333333333,1,0.3333333333333333,0,0.0,2,0.6666666666666666,1,0.3333333333333333
c-1.0,S0042-probiotics-0861,probiotics,84,2,0.6666666666666666,2,0.6666666666666666,1,1.0,2,0.6666666666666666,2,0.6666666666666666
c-1.0,S0042-probiotics-0862,probiotics,74,2,0.6666666666666666,1,0.3333333333333333,1,1.0,1,0.3333333333333333,1,0.3333333333333333
c-1.0,S0042-probiotics-0863,probiotics,65,3,1.0,1,0.3333333333333333,0,0.0,1,0.3333333333333333,2,0.6666666666666666
c-1.0,S0042-probiotics-0864,probiotics,80,1,0.3333333333333333,3,1.0,1,1.0,2,0.6666666666666666,2,0.6666666666666666
c-1.0,S0042-probiotics-0865,probiotics,59,3,1.0,2,0.6666666666666666,0,0.0,2,0.6666666666666666,1,0.3333333333333333
c-1.0,S0042-probiotics-0866,probiotics,68,1,0.3333333333333333,1,0.3333333333333333,1,1.0,2,0.6666666666666666,3,1.0
c-1.0,S0042-probiotics-0867,probiotics,48,0,0.0,1,0.3333333333333333,1,1.0,3,1.0,3,1.0
c-1.0,S0042-probiotics-0868,probiotics,52,1,0.3333333333333333,2,0.6666666666666666,0,0.0,0,0.0,1,0.3333333333333333
c-1.0,S0042-probiotics-0869,probiotics,33,2,0.6666666666666666,0,0.0,0,0.0,1,0.3333333333333333,2,0.6666666666666666
c-1.0,S0042-probiotics-0870,probiotics,25,0,0.0,0,0.0,1,1.0,2,0.6666666666666666,2,0.6666666666666666
c-1.0,S0042-probiotics-0871,probiotics,20,0,0.0,1,0.3333333333333333,0,0.0,2,0.6666666666666666,2,0.6666666666666666
c-1.0,S0042-probiotics-0872,probiotics,28,1,0.3333333333333333,0,0.0,0,0.0,2,0.6666666666666666,2,0.6666666666666666
c-1.0,S0042-probiotics-0873,probiotics,52,1,0.3333333333333333,2,0.6666666666666666,1,1.0,2,0.6666666666666666,0,0.0
c-1.0,S0042-probiotics-0874,probiotics,91,2,0.6666666666666666,1,0.3333333333333333,1,1.0,0,0.0,2,0.6666666666666666
c-1.0,S0042-probiotics-0875,probiotics,94,3,1.0,3,1.0,1,1.0,1,0.3333333333333333,3,1.0
c-1.0,S0042-probiotics-0876,probiotics,66,3,1.0,1,0.3333333333333333,0,0.0,1,0.3333333333333333,3,1.0
c-1.0,S0042-probiotics-0877,probiotics,94,2,0.6666666666666666,2,0.6666666666666666,1,1.0,2,0.6666666666666666,3,1.0
c-1.0,S0042-probiotics-0878,probiotics,87,3,1.0,1,0.3333333333333333,1,1.0,0,0.0,1,0.3333333333333333
c-1.0,S0042-probiotics-0879,probiotics,28,1,0.3333333333333333,1,0.3333333333333333,0,0.0,2,0.6666666666666666,2,0.6666666666666666
c-1.0,S0042-probiotics-0880,probiotics,35,1,0.3333333333333333,2,0.6666666666666666,0,0.0,1,0.3333333333333333,1,0.3333333333333333
c-1.0,S0042-probiotics-0881,probiotics,92,2,0.6666666666666666,3,1.0,1,1.0,0,0.0,3,1.0
c-1.0,S0042-probiotics-0882,probiotics,92,2,0.6666666666666666,2,0.6666666666666666,1,1.0,2,0.6666666666666666,3,1.0
c-1.0,S0042-probiotics-0883,probiotics,86,2,0.6666666666666666,2,0.6666666666666666,1,1.0,1,0.3333333333333333,1,0.3333333333333333
c-1.0,S0042-probiotics-0884,probiotics,4,0,0.0,0,0.0,0,0.0,3,1.0,0,0.0
c-1.0,S0042-probiotics-0885,probiotics,86,2,0.6666666666666666,1,0.3333333333333333,1,1.0,1,0.3333333333333333,2,0.6666666666666666
c-1.0,S0042-probiotics-0886,probiotics,22,0,0.0,0,0.0,1,1.0,2,0.6666666666666666,0,0.0
c-1.0,S0042-probiotics-0887,probiotics,62,2,0.6666666666666666,3,1.0,0,0.0,2,0.6666666666666666,2,0.6666666666666666
c-1.0,S0042-probiotics-0888,probiotics,7,0,0.0,0,0.0,0,0.0,0,0.0,0,0.0
c-1.0,S0042-probiotics-0889,probiotics,25,0,0.0,1,0.3333333333333333,1,1.0,2,0.6666666666666666,0,0.0
c-1.0,S0042-probiotics-0890,probiotics,21,1,0.3333333333333333,0,0.0,0,0.0,2,0.6666666666666666,1,0.3333333333333333
c-1.0,S0042-probiotics-0891,probiotics,6,0,0.0,1,0.3333333333333333,0,0.0,2,0.6666666666666666,0,0.0
c-1.0,S0042-probiotics-0892,probiotics,12,1,0.3333333333333333,1,0.3333333333333333,0,0.0,2,0.6666666666666666,0,0.0
c-1.0,S0042-probiotics-0893,probiotics,29,1,0.3333333333333333,1,0.3333333333333333,0,0.0,2,0.6666666666666666,2,0.6666666666666666
c-1.0,S0042-probiotics-0894,probiotics,37,1,0.3333333333333333,2,0.6666666666666666,0,0.0,0,0.0,0,0.0
c-1.0,S0042-probiotics-0895,probiotics,99,3,1.0,1,0.3333333333333333,1,1.0,0,0.0,3,1.0
c-1.0,S0042-probiotics-0896,probiotics,90,2,0.6666666666666666,2,0.6666666666666666,1,1.0,2,0.6666666666666666,3,1.0
c-1.0,S0042-probiotics-0897,probiotics,45,2,0.6666666666666666,1,0.3333333333333333,0,0.0,1,0.3333333333333333,2,0.6666666666666666
c-1.0,S0042-probiotics-0898,probiotics,44,3,1.0,1,0.3333333333333333,0,0.0,3,1.0,1,0.3333333333333333
c-1.0,S0042-probiotics-0899,probiotics,56,2,0.6666666666666666,3,1.0,0,0.0,2,0.6666666666666666,1,0.3333333333333333
c-1.0,S0042-probiotics-0900,probiotics,47,3,1.0,0,0.0,0,0.0,1,0.3333333333333333,2,0.6666666666666666
c-1.0,S0042-probiotics-0901,probiotics,60,3,1.0,1,0.3333333333333333,0,0.0,2,0.6666666666666666,2,0.6666666666666666
c-1.0,S0042-probiotics-0902,probiotics,15,1,0.3333333333333333,1,0.3333333333333333,0,0.0,2,0.6666666666666666,0,0.0
c-1.0,S0042-probiotics-0903,probiotics,23,1,0.3333333333333333,1,0.3333333333333333,0,0.0,3,1.0,2,0.6666666666666666
c-1.0,S0042-probiotics-0904,probiotics,93,3,1.0,3,1.0,0,0.0,2,0.6666666666666666,3,1.0
c-1.0,S0042-probiotics-0905,probiotics,86,2,0.6666666666666666,2,0.6666666666666666,1,1.0,2,0.6666666666666666,3,1.0
c-1.0,S0042-probiotics-0906,probiotics,54,1,0.3333333333333333,1,0.3333333333333333,1,1.0,1,0.3333333333333333,0,0.0
c-1.0,S0042-probiotics-0907,probiotics,90,3,1.0,2,0.6666666666666666,0,0.0,0,0.0,3,1.0
c-1.0,S0042-probiotics-0908,probiotics,41,1,0.3333333333333333,2,0.6666666666666666,0,0.0,2,0.6666666666666666,2,0.6666666666666666
c-1.0,S0042-probiotics-0909,probiotics,23,1,0.3333333333333333,1,0.3333333333333333,0,0.0,2,0.6666666666666666,1,0.3333333333333333
c-1.0,S0042-probiotics-0910,probiotics,51,3,1.0,0,0.0,0,0.0,2,0.6666666666666666,3,1.0
c-1.0,S0042-probiotics-0911,probiotics,91,3,1.0,2,0.6666666666666666,1,1.0,0,0.0,1,0.3333333333333333
c-1.0,S0042-probiotics-0912,probiotics,84,3,1.0,0,0.0,1,1.0,1,0.3333333333333333,1,0.3333333333333333
c-1.0,S0042-probiotics-0913,probiotics,83,2,0.6666666666666666,1,0.3333333333333333,1,1.0,1,0.3333333333333333,2,0.6666666666666666
c-1.0,S0042-probiotics-0914,probiotics,38,2,0.6666666666666666,1,0.3333333333333333,0,0.0,2,0.6666666666666666,2,0.6666666666666666
c-1.0,S0042-probiotics-0915,probiotics,42,1,0.3333333333333333,2,0.6666666666666666,1,1.0,2,0.6666666666666666,0,0.0
c-1.0,S0042-probiotics-0916,probiotics,65,2,0.6666666666666666,2,0.6666666666666666,1,1.0,2,0.6666666666666666,2,0.6666666666666666
c-1.0,S0042-probiotics-0917,probiotics,90,3,1.0,3,1.0,0,0.0,1,0.3333333333333333,2,0.6666666666666666
c-1.0,S0042-probiotics-0918,probiotics,28,0,0.0,1,0.3333333333333333,0,0.0,1,0.3333333333333333,2,0.6666666666666666
c-1.0,S0042-probiotics-0919,probiotics,98,1,0.3333333333333333,2,0.6666666666666666,1,1.0,0,0.0,3,1.0
c-1.0,S0042-probiotics-0920,probiotics,96,3,1.0,0,0.0,1,1.0,1,0.3333333333333333,3,1.0
c-1.0,S0042-probiotics-0921,probiotics,66,1,0.3333333333333333,1,0.3333333333333333,1,1.0,1,0.3333333333333333,2,0.6666666666666666
c-1.0,S0042-probiotics-0922,probiotics,92,2,0.6666666666666666,3,1.0,1,1.0,0,0.0,2,0.6666666666666666
c-1.0,S0042-probiotics-0923,probiotics,48,1,0.3333333333333333,2,0.6666666666666666,1,1.0,2,0.6666666666666666,0,0.0
c-1.0,S0042-probiotics-0924,probiotics,67,2,0.6666666666666666,1,0.3333333333333333,1,1.0,1,0.3333333333333333,1,0.3333333333333333
c-1.0,S0042-probiotics-0925,probiotics,23,0,0.0,1,0.3333333333333333,0,0.0,2,0.6666666666666666,1,0.3333333333333333
c-1.0,S0042-probiotics-0926,probiotics,82,2,0.6666666666666666,2,0.6666666666666666,1,1.0,0,0.0,1,0.3333333333333333
c-1.0,S0042-probiotics-0927,probiotics,88,2,0.6666666666666666,1,0.3333333333333333,1,1.0,1,0.3333333333333333,2,0.6666666666666666
c-1.0,S0042-probiotics-0928,probiotics,70,2,0.6666666666666666,0,0.0,1,1.0,2,0.6666666666666666,2,0.6666666666666666
c-1.0,S0042-probiotics-0929,probiotics,76,2,0.6666666666666666,1,0.3333333333333333,1,1.0,2,0.6666666666666666,2,0.6666666666666666
c-1.0,S0042-probiotics-0930,probiotics,46,2,0.6666666666666666,1,0.3333333333333333,0,0.0,1,0.3333333333333333,2,0.6666666666666666
c-1.0,S0042-probiotics-0931,probiotics,11,1,0.3333333333333333,0,0.0,0,0.0,1,0.3333333333333333,0,0.0
c-1.0,S0042-probiotics-0932,probiotics,72,1,0.3333333333333333,1,0.3333333333333333,1,1.0,1,0.3333333333333333,1,0.3333333333333333
c-1.0,S0042-probiotics-0933,probiotics,44,1,0.3333333333333333,0,0.0,1,1.0,1,0.3333333333333333,1,0.3333333333333333
c-1.0,S0042-probiotics-0934,probiotics,73,2,0.6666666666666666,2,0.6666666666666666,1,1.0,1,0.3333333333333333,0,0.0
c-1.0,S0042-probiotics-0935,probiotics,80,1,0.3333333333333333,2,0.6666666666666666,1,1.0,2,0.6666666666666666,3,1.0
c-1.0,S0042-probiotics-0936,probiotics,35,1,0.3333333333333333,2,0.6666666666666666,0,0.0,3,1.0,2,0.6666666666666666
c-1.0,S0042-probiotics-0937,probiotics,78,1,0.3333333333333333,1,0.3333333333333333,1,1.0,1,0.3333333333333333,3,1.0
c-1.0,S0042-probiotics-0938,probiotics,43,1,0.3333333333333333,2,0.6666666666666666,0,0.0,2,0.6666666666666666,2,0.6666666666666666
c-1.0,S0042-probiotics-0939,probiotics,56,2,0.6666666666666666,2,0.6666666666666666,0,0.0,1,0.3333333333333333,1,0.3333333333333333
c-1.0,S0042-probiotics-0940,probiotics,49,1,0.3333333333333333,2,0.6666666666666666,0,0.0,0,0.0,1,0.3333333333333333
c-1.0,S0042-probiotics-0941,probiotics,50,2,0.6666666666666666,2,0.6666666666666666,0,0.0,1,0.3333333333333333,1,0.3333333333333333
c-1.0,S0042-probiotics-0942,probiotics,37,1,0.3333333333333333,1,0.3333333333333333,0,0.0,2,0.6666666666666666,2,0.6666666666666666
c-1.0,S0042-probiotics-0943,probiotics,92,2,0.6666666666666666,3,1.0,1,1.0,1,0.3333333333333333,2,0.6666666666666666
c-1.0,S0042-probiotics-0944,probiotics,89,2,0.6666666666666666,3,1.0,1,1.0,1,0.3333333333333333,3,1.0
c-1.0,S0042-probiotics-0945,probiotics,54,1,0.3333333333333333,1,0.3333333333333333,1,1.0,2,0.6666666666666666,1,0.3333333333333333
c-1.0,S0042-probiotics-0946,probiotics,80,3,1.0,3,1.0,1,1.0,3,1.0,1,0.3333333333333333
c-1.0,S0042-probiotics-0947,probiotics,28,0,0.0,2,0.6666666666666666,0,0.0,3,1.0,2,0.6666666666666666
c-1.0,S0042-probiotics-0948,probiotics,21,1,0.3333333333333333,1,0.3333333333333333,0,0.0,2,0.6666666666666666,1,0.3333333333333333
c-1.0,S0042-probiotics-0949,probiotics,12,0,0.0,1,0.3333333333333333,0,0.0,1,0.3333333333333333,1,0.3333333333333333
c-1.0,S0042-probiotics-0950,probiotics,77,2,0.6666666666666666,1,0.3333333333333333,1,1.0,1,0.3333333333333333,1,0.3333333333333333
c-1.0,S0042-probiotics-0951,probiotics,62,1,0.3333333333333333,1,0.3333333333333333,1,1.0,2,0.6666666666666666,2,0.6666666666666666
c-1.0,S0042-probiotics-0952,probiotics,91,3,1.0,2,0.6666666666666666,1,1.0,1,0.3333333333333333,3,1.0
c-1.0,S0042-probiotics-0953,probiotics,91,2,0.6666666666666666,2,0.6666666666666666,1,1.0,1,0.3333333333333333,2,0.6666666666666666
c-1.0,S0042-probiotics-0954,probiotics,82,2,0.6666666666666666,2,0.6666666666666666,0,0.0,1,0.3333333333333333,3,1.0
c-1.0,S0042-probiotics-0955,probiotics,96,3,1.0,2,0.6666666666666666,1,1.0,1,0.3333333333333333,3,1.0
c-1.0,S0042-probiotics-0956,probiotics,85,3,1.0,1,0.3333333333333333,1,1.0,1,0.3333333333333333,1,0.3333333333333333
c-1.0,S0042-probiotics-0957,probiotics,79,1,0.3333333333333333,2,0.6666666666666666,1,1.0,0,0.0,2,0.6666666666666666
c-1.0,S0042-probiotics-0958,probiotics,69,1,0.3333333333333333,2,0.6666666666666666,1,1.0,2,0.6666666666666666,2,0.6666666666666666
c-1.0,S0042-probiotics-0959,probiotics,88,3,1.0,3,1.0,0,0.0,1,0.3333333333333333,3,1.0
c-1.0,S0042-probiotics-0960,probiotics,82,3,1.0,2,0.6666666666666666,0,0.0,1,0.3333333333333333,3,1.0
c-1.0,S0042-probiotics-0961,probiotics,72,3,1.0,0,0.0,1,1.0,3,1.0,2,0.6666666666666666
c-1.0,S0042-probiotics-0962,probiotics,91,2,0.6666666666666666,3,1.0,1,1.0,1,0.3333333333333333,3,1.0
c-1.0,S0042-probiotics-0963,probiotics,85,2,0.6666666666666666,1,0.3333333333333333,1,1.0,0,0.0,2,0.6666666666666666
c-1.0,S0042-probiotics-0964,probiotics,51,0,0.0,2,0.6666666666666666,1,1.0,1,0.3333333333333333,1,0.3333333333333333
c-1.0,S0042-probiotics-0965,probiotics,60,3,1.0,2,0.6666666666666666,0,0.0,1,0.3333333333333333,1,0.3333333333333333
c-1.0,S0042-probiotics-0966,probiotics,81,2,0.6666666666666666,2,0.6666666666666666,1,1.0,0,0.0,1,0.3333333333333333
c-1.0,S0042-probiotics-0967,probiotics,8,0,0.0,0,0.0,0,0.0,3,1.0,0,0.0
c-1.0,S0042-probiotics-0968,probiotics,92,3,1.0,1,0.3333333333333333,1,1.0,1,0.3333333333333333,3,1.0
c-1.0,S0042-probiotics-0969,probiotics,93,2,0.6666666666666666,3,1.0,1,1.0,1,0.3333333333333333,2,0.6666666666666666
c-1.0,S0042-probiotics-0970,probiotics,71,0,0.0,2,0.6666666666666666,1,1.0,3,1.0,3,1.0
c-1.0,S0042-probiotics-0971,probiotics,78,2,0.6666666666666666,2,0.6666666666666666,1,1.0,1,0.3333333333333333,2,0.6666666666666666
c-1.0,S0042-probiotics-0972,probiotics,18,1,0.3333333333333333,1,0.3333333333333333,0,0.0,2,0.6666666666666666,1,0.3333333333333333
c-1.0,S0042-probiotics-0973,probiotics,25,0,0.0,0,0.0,1,1.0,1,0.3333333333333333,1,0.3333333333333333
c-1.0,S0042-probiotics-0974,probiotics,100,3,1.0,3,1.0,1,1.0,1,0.3333333333333333,2,0.6666666666666666
c-1.0,S0042-probiotics-0975,probiotics,100,3,1.0,1,0.3333333333333333,1,1.0,1,0.3333333333333333,3,1.0
c-1.0,S0042-probiotics-0976,probiotics,61,2,0.6666666666666666,1,0.3333333333333333,1,1.0,2,0.6666666666666666,0,0.0
c-1.0,S0042-probiotics-0977,probiotics,59,1,0.3333333333333333,1,0.3333333333333333,1,1.0,1,0.3333333333333333,1,0.3333333333333333
c-1.0,S0042-probiotics-0978,probiotics,15,0,0.0,1,0.3333333333333333,0,0.0,3,1.0,1,0.3333333333333333
c-1.0,S0042-probiotics-0979,probiotics,67,2,0.6666666666666666,2,0.6666666666666666,1,1.0,3,1.0,0,0.0
c-1.0,S0042-probiotics-0980,probiotics,27,1,0.3333333333333333,2,0.6666666666666666,0,0.0,2,0.6666666666666666,0,0.0
c-1.0,S0042-probiotics-0981,probiotics,54,2,0.6666666666666666,2,0.6666666666666666,0,0.0,2,0.6666666666666666,2,0.6666666666666666
c-1.0,S0042-probiotics-0982,probiotics,46,2,0.6666666666666666,2,0.6666666666666666,0,0.0,2,0.6666666666666666,1,0.3333333333333333
c-1.0,S0042-probiotics-0983,probiotics,87,2,0.6666666666666666,1,0.3333333333333333,1,1.0,2,0.6666666666666666,2,0.6666666666666666
c-1.0,S0042-probiotics-0984,probiotics,91,3,1.0,2,0.6666666666666666,1,1.0,1,0.3333333333333333,1,0.3333333333333333
c-1.0,S0042-probiotics-0985,probiotics,42,2,0.6666666666666666,0,0.0,0,0.0,0,0.0,1,0.3333333333333333
c-1.0,S0042-probiotics-0986,probiotics,32,2,0.6666666666666666,0,0.0,0,0.0,1,0.3333333333333333,1,0.3333333333333333
c-1.0,S0042-probiotics-0987,probiotics,14,1,0.3333333333333333,0,0.0,0,0.0,1,0.3333333333333333,0,0.0
c-1.0,S0042-probiotics-0988,probiotics,79,2,0.6666666666666666,2,0.6666666666666666,0,0.0,0,0.0,2,0.6666666666666666
c-1.0,S0042-probiotics-0989,probiotics,91,3,1.0,1,0.3333333333333333,1,1.0,2,0.6666666666666666,2,0.6666666666666666
c-1.0,S0042-probiotics-0990,probiotics,45,1,0.3333333333333333,1,0.3333333333333333,0,0.0,1,0.3333333333333333,3,1.0
c-1.0,S0042-probiotics-0991,probiotics,38,1,0.3333333333333333,1,0.3333333333333333,0,0.0,1,0.3333333333333333,2,0.6666666666666666
c-1.0,S0042-probiotics-0992,probiotics,35,2,0.6666666666666666,2,0.6666666666666666,0,0.0,2,0.6666666666666666,1,0.3333333333333333
c-1.0,S0042-probiotics-0993,probiotics,96,3,1.0,3,1.0,1,1.0,0,0.0,2,0.6666666666666666
c-1.0,S0042-probiotics-0994,probiotics,81,3,1.0,2,0.6666666666666666,1,1.0,1,0.3333333333333333,1,0.3333333333333333
c-1.0,S0042-probiotics-0995,probiotics,62,2,0.6666666666666666,2,0.6666666666666666,0,0.0,1,0.3333333333333333,2,0.6666666666666666
c-1.0,S0042-probiotics-0996,probiotics,71,2,0.6666666666666666,2,0.6666666666666666,0,0.0,0,0.0,2,0.6666666666666666
c-1.0,S0042-probiotics-0997,probiotics,19,0,0.0,0,0.0,0,0.0,3,1.0,2,0.6666666666666666
c-1.0,S0042-probiotics-0998,probiotics,92,2,0.6666666666666666,2,0.6666666666666666,1,1.0,1,0.3333333333333333,2,0.6666666666666666
c-1.0,S0042-probiotics-0999,probiotics,65,1,0.3333333333333333,0,0.0,1,1.0,1,0.3333333333333333,3,1.0
